263535
178876
159975
161871
164553
167318
170100
172885
172586
148722
128771
117710
114553
115833
117548
119315
116010
107070
100606
96672
95483
96610
98056
99525
99845
93406
87587
84372
83996
85116
86340
87595
88330
84645
80470
77741
76435
76695
77765
78915
80062
81169
79730
75890
73393
72438
73193
74247
75330
76430
77521
77485
74405
71905
70085
69278
69795
70798
71815
72857
73898
74336
71703
69442
67913
67632
68505
69471
70480
71500
72527
73298
71442
69144
67685
66725
66865
67790
68751
69751
70765
71760
71964
69756
68065
66955
67215
68165
69145
70152
71161
72195
72751
70554
68458
67111
66545
67045
67998
68969
69993
70989
71822
70221
67960
66690
66360
67157
68091
69050
70052
71052
71977
70902
68335
66917
66048
66161
67028
67967
68950
69955
70970
71430
69436
67590
66535
66660
67575
68511
69490
70490
71475
72216
70320
67975
66650
65910
66290
67230
68171
69145
70125
71067
70601
68334
66918
66081
66605
67540
68506
69464
70445
71422
71689
69330
67591
66549
66216
66910
67871
68839
69833
70837
71371
69397
67603
66408
66307
67185
68152
69119
70105
71105
71757
69720
67544
66395
65856
66399
67340
68291
69280
70260
71125
69975
67996
66680
66337
67143
68105
69065
70051
71055
71792
70153
68030
66855
66247
66660
67604
68566
69549
70540
71426
70170
67946
66717
66422
67260
68216
69160
70180
71172
71946
70317
68051
66845
66280
66855
67796
68784
69801
70807
71618
70087
67893
66695
66435
67238
68198
69175
70150
71165
72021
70615
68210
66937
66189
66502
67430
68379
69354
70360
71275
70426
68210
66860
66375
67086
68034
68986
69987
70993
71945
70962
68336
66878
66130
66370
67271
68236
69209
70192
71178
71115
68790
67157
66209
66535
67496
68444
69471
70481
71494
71300
68771
67441
67224
67925
68890
69875
70908
71932
72983
73928
73298
71647
70825
71190
72200
73231
74282
75353
76401
76389
74828
73814
73749
74660
75735
76821
77944
78988
78043
75930
74862
75106
76158
77234
78343
79484
80192
78359
76239
75025
74916
75888
76983
78076
79186
79318
76685
74820
74175
74970
76035
77148
78285
79283
77845
75426
74039
73771
74638
75697
76806
77926
78891
77345
74878
73550
73671
74670
75750
76825
77933
78274
75931
73983
73025
73276
74280
75340
76433
77532
77895
75446
73515
72615
73230
74280
75351
76425
77530
78040
75793
73867
72911
73120
74125
75190
76285
77400
78051
75747
73730
72735
73183
74213
75283
76350
77455
78215
76437
74424
73432
73586
74534
75594
76675
77793
78542
76402
74219
73077
73433
74475
75535
76619
77717
78450
76565
74650
73751
73720
74646
75704
76820
77955
78742
76459
74395
73807
74559
75625
76725
77852
78966
80097
80476
79905
79617
80133
81265
82426
83620
84837
85513
83710
82236
82040
83095
84287
85519
86770
87347
85563
84009
83502
84430
85683
86957
88242
88619
86300
84572
84328
85442
86654
87920
89175
88731
86584
85032
84711
85737
86972
88237
89453
88320
85708
84218
84300
85470
86690
87938
89014
87696
85454
84154
84131
85195
86405
87640
88835
87831
85205
83735
83851
85005
86241
87524
88770
88295
85986
84610
84287
85179
86400
87660
88910
88187
85135
83664
83655
84815
86046
87284
88563
88483
86225
84615
84191
85082
86288
87545
88810
88831
86010
84486
84314
85365
86611
87875
89115
88885
86622
84949
84520
85415
86636
87911
89169
88397
85459
83935
83977
85118
86357
87620
88819
88376
86415
84919
84572
85584
86810
88073
89342
89623
88043
87375
87900
89146
90435
91735
93065
93506
91775
90475
90505
91681
93010
94375
95725
95765
93056
91047
90618
91746
93049
94408
95758
95697
93860
92519
92425
93545
94885
96262
97631
96553
93126
91335
91480
92775
94140
95518
96865
97268
95777
94565
94334
95467
96885
98304
99765
99721
96858
94982
95007
96313
97715
99181
100120
98420
96195
94922
95305
96675
98104
99543
99993
96630
94157
93534
94687
96053
97465
98883
99114
96931
95003
94340
95142
96549
97997
99444
99860
96905
94645
94298
95528
96930
98355
99733
99236
96869
95168
94905
96044
97447
98895
100270
99026
95862
94083
94426
95773
97182
98595
99885
98380
95631
93865
93605
94808
96215
97652
99112
99160
96410
94596
94764
96116
97525
98912
100056
98273
95670
94105
94270
95610
97027
98456
99838
99050
96036
94407
94953
96333
97744
99172
99582
96245
92791
90551
90354
91593
92933
94305
94967
91008
87222
85316
85673
86860
88170
89447
89799
86540
83980
82750
82956
84102
85307
86536
87310
84476
81695
80650
81391
82579
83781
84981
85341
82904
81094
80431
81101
82264
83478
84673
85580
83580
81310
80495
81267
82434
83640
84851
85709
83746
81705
80872
81231
82353
83548
84782
85975
85131
82335
81022
81375
82513
83706
84933
86148
85971
83513
81771
81445
82365
83575
84792
86039
86801
84154
81535
80908
81888
83050
84250
85470
86640
85722
83279
81881
81902
82968
84180
85420
86672
86648
83612
81514
81355
82420
83605
84810
86002
85391
80610
77470
75569
75480
76515
77610
78770
79926
80800
78030
74726
72824
72676
73665
74707
75768
76841
77689
75401
72538
71052
70490
71205
72211
73270
74303
75372
74745
71891
70243
69709
70556
71562
72592
73640
74426
72458
70147
69015
68758
69506
70500
71535
72595
73631
73855
71150
69336
68594
69135
70122
71114
72151
73184
74065
72615
70390
69271
68855
69570
70550
71565
72611
73660
74220
71943
70037
69418
70023
71011
72056
73095
74159
74627
72543
70691
69514
69405
70296
71290
72311
73344
74390
74105
71616
70106
69652
70444
71441
72458
73515
74575
74925
72466
70601
69789
69912
70843
71871
72905
73940
74875
73541
71256
70013
69921
70853
71842
72885
73945
74983
74559
72130
70730
70231
70809
71807
72845
73898
74953
75338
72880
70910
70091
70694
71692
72708
73742
74804
75330
72940
70956
70045
70083
71027
72055
73093
74138
75135
74211
71409
69945
69840
70774
71767
72795
73830
74860
74546
71945
70540
69915
70455
71465
72481
73532
74573
75400
73685
71381
70071
70204
71175
72175
73217
74289
75326
74784
72279
70866
70323
70983
71985
73015
74070
75077
73798
70441
68330
67143
67389
68340
69319
70300
71127
69263
66506
65115
64266
64704
65626
66561
67518
68491
68537
65904
63924
62895
62987
63843
64730
65651
66610
67082
65021
63212
62265
62168
62945
63818
64723
65623
66525
66031
63702
62312
61875
62440
63320
64211
65130
66065
66420
64480
62875
62256
62430
63263
64157
65085
66011
66768
65397
63395
62340
62185
62903
63778
64670
65575
66452
65930
63585
62314
61956
62397
63267
64170
65100
66016
66535
64717
63098
62512
62864
63785
64700
65645
66585
67305
65653
63634
62909
63005
63830
64740
65647
66580
67539
68500
69476
70471
71484
72500
73540
74602
75683
76765
77872
78996
80143
81320
82500
83716
84950
86190
87470
88721
89992
91293
92620
93970
95336
96755
98168
99617
101074
102548
104054
105580
107127
108710
110324
111801
110660
108756
108434
109826
111460
113136
114800
115500
113935
112685
112569
113812
115480
117203
118963
119690
116226
113293
111927
112862
114550
116275
118031
119664
118947
116773
115535
115601
117203
118977
120751
122505
121343
117423
115108
114643
116084
117841
119657
121493
122156
119270
116460
114681
114895
116562
118354
120192
121739
119306
115114
112625
112445
114027
115735
117500
119284
119806
117270
114915
113686
114125
115827
117590
119419
120922
118103
114256
111857
112053
113686
115372
117094
118824
118606
115782
113429
112300
113315
115020
116790
118566
119645
116490
112916
110860
111405
113045
114716
116445
118157
117484
114515
112365
111271
112200
113870
115576
117307
118043
114815
111347
109154
109328
110890
112528
114195
115892
116648
114506
112545
111138
111054
112609
114271
115980
117660
116485
113025
110378
109510
110805
112468
114181
115913
117537
116766
114473
112582
111646
112615
114302
116049
117805
119597
121418
123231
125092
126981
128873
130822
132783
134746
136745
138805
140901
143037
145268
147491
149798
152087
154426
156810
159213
161673
164206
166745
169361
172017
174743
177526
