661482
393141
387776
395440
394613
358709
288156
255536
253835
237871
207075
185561
174191
172022
174813
177686
173650
163066
153275
146290
143126
144680
147135
149291
145150
138096
132220
129300
130300
132396
134510
136075
132836
128210
124761
122391
122526
124398
126346
128325
128476
124231
120279
117235
116426
117970
119800
121671
123475
122410
119391
116930
115095
114955
116656
118525
120410
122236
121390
117930
114600
112712
113079
114846
116685
118490
120325
120570
117031
114000
111896
110590
111030
112757
114524
116310
118085
117632
114554
111725
109740
109682
111334
113115
114906
116670
117280
114895
112391
110430
109260
109771
111465
113235
115020
116706
115730
113670
111980
111343
112518
114265
116056
117860
119690
121540
123446
125385
127330
129321
131360
133410
135491
137605
139711
141886
144114
146386
148750
151160
153611
156100
158632
161209
163770
166336
168985
171736
174510
177321
180220
183180
186196
189265
192376
195566
198810
202110
205506
209005
212636
216360
220141
223921
227860
231896
236041
240180
244551
248990
253506
258031
262740
