1017412
623467
474481
391911
333836
329981
304711
290840
286786
263181
251815
253726
240041
227825
229037
223784
209646
204462
207289
201735
192936
189665
192381
189472
182126
178723
181016
181805
174821
168915
166855
169206
170585
166986
163302
163459
166150
166965
162966
160480
161278
163843
164905
161496
159020
160371
163015
163526
159555
156860
157356
159865
160440
155236
150637
150954
153415
155460
152532
148629
146715
148396
150801
152631
150301
148708
150586
153050
155556
158105
160690
163331
166010
168771
171605
174506
177470
180511
183590
186665
189871
193110
196431
199830
203336
206905
210566
214257
218054
221841
225716
229695
233710
237831
242066
246350
250746
255230
259846
264666
269480
274523
279569
284816
290320
296016
301896
