1043326
891813
677906
304096
279271
285342
286006
232369
186825
164191
156440
157216
159845
161395
145952
129580
118659
112262
109694
110570
112281
114035
113530
106382
99160
94145
95490
96945
98406
93945
89711
86845
87180
88450
91060
91530
88381
81736
81211
83522
84764
86762
84493
79191
78040
79670
80830
83215
83821
78362
76144
76405
78674
79846
81430
79000
74982
75063
76160
78467
79526
76944
72927
72814
74905
76011
78170
75421
73719
73360
75581
76740
79066
78980
74610
73071
74310
75425
77705
78841
76135
73115
74335
75421
77700
78776
75570
72690
73310
75455
77675
78687
75495
73001
73754
75960
77105
79055
77141
72760
73088
74126
76315
78156
76534
72930
72560
74505
76715
77845
75683
73560
72705
74814
75924
78079
77540
73241
72185
73635
75805
76936
78070
76040
72966
74530
76736
77863
77885
75365
73281
75090
76195
78470
79482
75723
73100
73740
75918
77060
78781
74420
73170
73610
74686
76964
78091
76366
72690
72415
74366
75440
77635
77935
73651
72375
74261
75345
77580
78090
73651
71698
72567
74711
75800
77839
74085
72871
72455
73465
75646
76765
78215
73706
72250
72860
74976
76060
78060
76335
72666
72305
74378
75465
77680
77560
72941
71570
72515
74676
76845
77145
72785
71596
72370
74507
76705
77216
73395
72157
72950
75065
76160
76725
74095
71725
73269
74300
76460
77535
75335
72270
72541
74630
76825
77875
74900
73180
72810
74904
76000
78112
77068
72895
72065
73730
75925
77025
77530
75166
72800
74448
75581
77907
78261
75805
72955
73555
75786
78071
79006
75076
72585
73085
75215
76305
78360
76812
72321
71705
73791
74886
77079
77335
73115
71399
73206
74274
76466
77595
75321
71565
71295
73280
75445
76536
76600
74296
71891
73424
74495
76706
77645
75470
71905
72905
73956
76147
77254
75235
71902
72615
73665
75810
76901
75424
73185
71030
72847
73908
76074
76635
74250
71862
73325
74425
76670
77755
75670
72040
72356
73405
75575
76650
75670
72420
71922
73811
74904
77155
76864
74675
71995
73706
74770
76945
77875
73945
72485
72486
74620
75700
77735
74061
72195
71980
74081
75185
77315
73829
72245
71955
74051
75130
77210
76295
72344
71950
73010
75146
76225
77115
74415
71830
73300
74390
76576
77297
74883
71801
73065
74105
76290
75627
73243
71937
73954
75045
77260
76365
74215
71940
73740
74856
77099
77996
74300
72390
73226
75387
77646
78349
74405
72790
73143
75301
76390
78221
74245
72885
73395
74470
76682
77813
77115
73139
72405
74311
75420
77655
76741
74866
74090
75080
77286
78435
79335
76840
73270
74444
75505
77686
78661
74915
72755
74310
75380
77570
77155
74827
72635
74448
75537
77715
78286
73850
71985
72775
74895
77090
75887
73729
71559
73296
74345
76555
75691
72915
70635
71930
74050
75135
76155
71879
70385
71315
73419
75585
75965
71534
70495
72370
73431
75540
74821
72529
70345
71970
72985
75106
75756
73199
70829
71675
73749
74810
76435
74355
70595
70410
72465
74593
75658
72545
70920
69530
71106
72129
74200
73870
71255
68500
69553
71581
72604
74670
71891
70419
69456
71350
73409
74461
74480
72320
69741
70974
73020
74080
75905
74130
71215
70920
72955
74035
76181
73350
71660
70196
72051
73107
75232
76209
73046
70645
71260
72280
74390
76071
74260
70515
70321
71320
73440
75572
73866
71989
69975
71375
72430
74558
75510
73215
69977
70451
72495
73555
75650
75380
71315
70019
71810
72865
75010
75380
73125
70340
71169
72221
74355
76271
74604
71345
70870
72891
73969
76124
76076
72030
70485
71266
73317
75433
76405
72684
70400
70260
72043
74150
75215
74694
71013
70685
71701
73785
75931
76600
72685
70821
71349
73410
75530
76546
73650
71070
71130
73139
75315
76415
73610
70785
70300
71970
74066
75149
75461
72820
69860
70660
72705
73765
75760
72005
70790
70070
71955
74033
75085
73531
70405
69975
71766
73875
74940
75565
71466
70475
71195
73260
75430
76342
72980
71520
71125
73166
75295
76380
74356
71321
70705
72212
73239
75388
76760
74681
71566
72415
74525
75592
77638
73401
72065
71365
73391
75534
76624
74171
72056
70174
71957
72984
75100
75376
72680
70365
71040
72065
74165
76061
74349
70565
70238
72261
73285
75375
73442
71723
70420
71965
74083
75178
75435
73000
70150
71294
73342
74414
76080
73955
70926
70880
72960
74040
76120
73300
71735
70560
72524
73585
75705
75975
73202
70520
71220
73257
74314
76305
75175
71085
70226
72232
74346
75420
74630
71105
70375
71500
73575
74650
76104
72061
70680
70850
72890
73941
76106
73395
70806
70555
72395
74536
75610
75080
71386
70565
72069
74227
75309
76655
74095
71204
71195
73291
74366
76460
73095
70531
70700
72710
74881
75990
74330
71420
70891
72595
74796
75900
75685
73460
71180
72585
73630
75765
76831
74355
71680
72235
73270
75370
77100
75085
71330
71576
72600
74748
76740
75026
71475
70939
71930
74027
75098
76076
71980
70935
71619
73735
75915
76756
72410
71135
70775
72775
74915
75935
73201
70927
70973
73005
75122
76202
73919
72050
70868
72650
73721
75890
76735
73011
70695
72120
73162
75311
76476
73754
71120
71650
72680
74821
76465
74380
70776
70990
73043
74102
76265
76680
72387
70810
71565
73645
75801
76770
73285
71085
71520
73610
75752
76849
74570
71346
70745
72320
74476
75584
75560
71504
70540
71760
73836
74896
76360
73810
70951
71250
73326
74391
76265
72265
70935
70880
72920
75071
76125
73006
71609
70750
72650
73725
75917
74370
72330
70456
72256
73309
75466
76540
73535
71147
72085
73105
75280
76800
74410
71270
71731
73854
74945
77095
73636
72099
71128
73032
74093
76235
76596
72320
70435
72251
73312
75473
76531
73160
70849
71690
72727
74820
76605
74631
71075
71266
72288
74405
76511
75899
71685
70884
71812
73894
76086
76525
72239
70775
71560
73605
75775
75901
73260
71080
72186
73249
75387
76493
74830
70930
70540
72375
74492
75569
76835
72466
71375
71480
73552
75761
76779
73330
70635
71746
72749
74846
75914
74686
71030
70445
71440
73516
74595
75594
71531
70135
71040
73115
75240
76250
73090
70925
72200
73240
75397
76880
74585
71231
71442
72463
74571
75650
75754
71734
71076
72465
74617
75724
76560
71840
70417
71309
73385
75586
76525
72400
70556
70885
72875
74961
76020
73260
70485
71440
72465
74595
75677
75555
71575
70800
71689
73755
74830
76650
72520
71206
71115
73210
75375
76461
73955
71501
71315
73140
75277
76349
75329
71615
71120
72790
75965
77054
74995
72270
72515
73590
75765
77376
75095
71529
71591
72640
74784
76861
75755
72110
71584
72532
74645
76822
76573
72194
71111
71891
73980
75045
77085
73140
72020
71499
73525
74607
76795
74326
72525
71121
73074
75225
76335
75135
71360
70740
72120
74205
75260
76064
71960
70760
71325
73411
75545
76545
72771
70421
70565
72505
74631
75704
73576
70344
69780
71435
73520
74585
75876
71711
70242
70933
72990
75108
75985
72225
70136
71590
72645
74745
76000
73340
70690
71392
72418
74536
76510
75155
71092
70745
71765
73897
74954
76314
72135
70850
71565
73710
75910
76980
73935
70896
70835
72855
75031
76125
73720
71271
71035
72860
73932
76056
75720
73121
70846
72579
73640
75770
76485
73610
70925
71905
73995
75065
76930
75570
72015
72436
74540
75615
77526
73500
72295
72651
74774
75865
77781
73505
71805
72140
74267
75344
77540
77672
74709
74445
75550
77830
78995
80174
75345
73940
75160
77425
78600
78331
75415
72955
74420
76619
77750
76912
72321
71534
73143
75261
77456
77474
72920
71940
72906
75051
77260
77880
73625
71575
72392
74490
76675
77780
74690
72021
72019
74039
75150
77434
76257
73953
72264
74241
75340
77605
78450
74175
72270
73877
76046
77140
76731
72407
71634
73230
75406
76469
77060
73005
71965
73010
75165
77390
77545
73091
71207
72090
74190
76380
77101
73039
71610
72291
74375
76510
77316
73056
70866
71561
73675
75890
77000
74066
72604
71795
73751
74845
77030
77011
72304
70798
71656
73715
75841
76761
72900
71285
72720
73746
75865
76695
74116
71160
71936
72970
75080
77045
75601
72155
71710
72642
74770
76916
76261
71700
70755
71735
73840
75985
76755
72826
71280
71905
74039
76311
77289
73470
71160
72685
73741
75941
76466
73964
71880
72700
73765
75961
77080
74912
72056
71810
73785
75956
77085
76185
74045
72041
73165
74215
76416
76610
73865
71066
72259
73290
75431
76735
74300
71716
72280
73316
75479
77376
75739
72000
71786
73905
74985
77156
76755
72535
71566
72390
74505
76666
76975
72674
71100
71896
74011
76162
77209
73895
71465
72190
73235
75390
77166
75325
71709
71650
72665
74797
76956
76354
72105
71201
72090
74165
76311
76791
72300
70609
71329
73450
75600
76550
73205
71280
72411
73450
75609
77102
74764
71155
71530
72557
74690
76825
76815
72590
71120
71806
73880
75975
76940
73105
70704
70925
72945
75080
76160
74595
71690
71845
72856
74980
77102
76894
72485
71141
72104
74245
75335
77425
73926
72865
72900
75065
76180
78339
77075
72756
72090
74174
75270
77480
78125
73790
72425
74209
75285
77479
75991
73475
71310
72982
75091
76165
77341
75010
72395
72966
75106
76200
78145
73696
72135
71968
74040
75141
77415
75866
73745
71667
72248
74356
76545
77515
73876
71500
72688
73740
75880
77180
74615
71770
71808
73875
74966
76996
73506
72175
71401
73412
74499
76690
75071
73129
71490
73035
74075
76230
76447
73844
71210
72430
73490
75640
77245
74740
71671
72232
74316
75384
77301
75850
71677
71666
72704
74835
76911
75850
71883
71190
72530
74600
76751
76355
72230
71155
72105
74226
76407
76915
72535
71740
72180
74260
75355
77331
73370
71312
71807
73870
76030
77091
74256
72734
72225
74271
75365
77566
74820
72835
71795
73851
74930
77067
76815
72365
71360
73271
74320
76515
77305
73280
71180
72825
73852
76040
76591
73870
71780
72785
74901
75982
77445
72827
71509
71957
74031
75100
77259
73716
72390
71640
73571
74639
76805
74791
72776
70975
72730
73790
75946
75546
73094
71476
72690
73735
75875
76575
73890
70840
71700
73795
74896
76915
73481
72184
71910
73950
75035
77195
73905
72305
71501
73530
74615
76826
74991
73084
71955
73830
74935
77170
77895
73491
71594
73275
74360
76605
77022
74368
72136
73086
74160
76405
77439
74646
71775
72536
73575
75744
77446
75110
72195
72545
73591
75750
77760
76156
71950
71710
72751
74845
76951
76404
72230
71399
72315
74451
75529
76855
72340
71255
72130
74220
76384
77166
72877
71360
72816
73859
76010
76221
73520
71095
72230
74321
75385
77145
74935
71764
71730
72717
74830
76895
75820
71655
71115
72115
74206
76370
76405
71953
71010
72928
74000
76155
75255
72740
70649
72142
74265
75376
76194
71975
70935
71675
73795
75971
76765
72415
70351
71920
72935
75014
76180
73562
70920
70950
71960
74055
76205
75690
71250
70351
71320
73415
75576
76605
73250
70870
70760
72565
74720
75812
74955
71005
70546
71555
73645
75791
76590
72700
70465
71590
72626
74771
76465
74291
70689
70575
72629
73670
75830
76485
72275
70485
71569
73631
74709
75869
73320
70185
70715
72781
74917
75984
74195
71045
70336
71777
73865
76000
76165
71694
70316
71146
73219
75365
76466
73395
70594
70760
71770
73875
76040
75825
71546
70225
72090
73105
75235
76305
73865
70705
70765
71775
73901
76040
76260
71770
70270
71120
73225
75310
76345
73499
70750
70902
71903
74025
76110
75855
71377
70280
72260
73331
75458
76545
73801
70699
70665
72711
73755
75890
76186
71594
69760
71451
72460
74580
75655
74256
71130
71150
72180
74265
76450
76230
71875
70697
72641
73695
75880
76710
72321
70265
71592
72608
74696
76120
73736
70435
70920
72961
74045
76159
72672
71414
70850
72860
73931
76040
73726
70416
70105
71925
73990
75040
75280
71300
70546
71530
73595
75775
76282
72070
70371
72075
73115
75266
75680
73045
70699
71490
72505
74623
76709
76455
75006
76306
77395
79651
80820
82364
81420
81194
81895
84315
85576
88100
88737
86526
86406
87194
89756
91081
92444
93121
91420
90545
90045
91841
93200
94600
96766
94775
92680
91936
93250
94665
97495
98476
96685
94610
92775
93355
94707
96128
98960
98410
95530
93576
93435
94830
96281
97735
99617
96940
94909
93185
93956
95345
96750
99616
98521
95699
93860
93716
95101
96539
99465
99280
96090
93850
92105
93095
94465
95856
98572
97259
94185
92152
91715
93061
95885
97320
98461
96445
92370
91691
92565
93995
96930
98201
96810
94010
92261
93565
94950
97741
98545
96335
94265
92500
93695
95075
96525
99094
96902
93813
92270
93570
94965
96386
97810
95885
93422
92019
92714
94087
95489
96925
96186
93000
91083
90820
93392
94803
96240
97540
94022
92543
92814
94220
95660
97115
98000
95030
92820
93434
94860
96296
97725
97970
95415
94087
93734
96160
97565
99025
100275
98322
92406
91620
92660
95436
96895
98295
97475
92380
90965
91120
92461
95315
96790
97246
94580
90290
90395
91736
94635
96085
97311
92820
90965
89901
91535
92940
94349
96692
94604
91909
89770
90871
92240
95130
96470
95390
92726
90272
90363
91561
92970
95901
97200
95870
90886
90194
90992
93775
95190
96586
96405
91939
90870
91645
93010
94391
95795
95245
92485
90541
91115
92465
93851
95255
96234
93582
91779
90571
91760
94545
95930
97135
95627
91084
90819
92026
94761
96164
97481
96170
91895
90966
91565
94271
95684
97103
96839
93454
89361
89890
91225
93979
95385
95965
93455
90480
90595
91845
94645
96050
97105
94751
90135
90470
93231
94666
96099
97500
94495
92650
92055
94380
95815
97265
98710
95520
92416
90601
92305
93695
95115
96516
94979
92940
91610
92265
93650
95067
96514
96725
93491
91260
91933
93292
94694
97556
96974
94271
91429
92004
93371
94740
97585
97861
94675
91945
91790
93155
95911
97360
98610
96825
92030
91556
92630
95406
96790
98096
96816
90771
89890
90840
93566
94967
96288
95390
91104
90255
90760
93446
94850
96251
92837
90314
89040
90566
91930
93300
95516
93330
90960
88915
89616
90940
92325
95196
95450
92505
89025
89176
90415
93161
94535
95785
94625
90796
89745
90435
91766
93131
94510
94891
92105
90330
89999
91311
94045
95445
96341
94350
91205
90275
90391
92915
94300
95691
95580
93150
91435
90685
92800
94211
95645
97850
95476
93182
90881
91314
92623
95420
96835
97001
94055
90811
91380
92750
94155
96986
97380
94830
92016
91856
93014
94410
97317
98594
96670
92021
91620
92840
94311
97220
98390
96445
93631
91690
92690
94070
96870
98296
98105
94430
90448
91147
92481
93870
96685
96711
94290
91351
91490
92766
95566
97020
97565
95000
90501
90680
92000
94805
96231
96397
91366
89990
89435
90410
93179
94576
95925
91816
89660
88800
90946
92325
93730
95644
93170
91051
89110
90085
91381
94096
95461
95064
89970
88840
89226
91825
93180
94546
95540
91550
90240
90203
91515
92875
95645
96195
93526
89365
89430
90647
93341
94714
95965
94811
91165
90495
91285
94055
95481
96905
96940
91655
90270
90511
93175
94540
95891
96140
91525
90085
89756
92185
93555
94946
94545
91820
89855
90980
93736
95115
96430
95495
92900
92885
93986
96857
98306
99433
96747
90905
90475
91640
93006
95790
96915
95691
93960
93200
94381
95770
98638
99433
96215
92970
90922
92169
93540
96343
96911
94450
92450
91466
92670
94025
96866
97840
95290
92150
89856
91040
92395
95130
96300
94820
90615
89477
89911
92561
93955
95360
95565
90615
89415
91161
92540
93927
95288
95626
92880
90857
89121
90255
91615
94380
95651
94465
89165
88061
88580
91226
92570
93910
93090
90715
89131
88655
89940
92712
94143
95020
92561
88325
88215
90726
92090
93481
94641
92180
90390
88509
89186
91840
93225
94541
94030
89430
88560
88995
91638
92975
94356
92451
90335
89015
88625
89901
91230
92600
94260
91461
89265
88145
89330
91960
93325
94675
91451
89815
88495
88786
90096
91429
94211
94815
92365
88445
88411
90925
92271
93650
94990
91415
89716
88310
89255
91900
93265
94570
93765
88690
87707
88028
90620
91985
93350
92115
89415
87905
87030
88190
90861
92240
93485
90002
88384
88570
89885
91230
93940
93945
91170
88375
87940
88825
91566
92970
94380
91406
88912
87491
88630
89950
92583
93795
92581
88260
86985
86721
88975
90291
91629
92585
89905
86801
87214
88480
91151
92480
93615
89671
88265
87550
88785
91449
92800
93985
92210
87085
86370
88525
89855
92523
93026
90436
87149
86641
87470
90055
91375
92726
91165
88707
87313
88191
89474
90795
93365
92270
89525
87100
87230
88405
91016
92340
93580
89911
88101
88020
89306
90635
93320
93585
91011
87994
87575
89735
91065
92420
93835
90866
88549
87670
88910
90210
92871
93955
92170
88206
87395
89160
90505
91856
93876
91404
88946
87561
88679
89960
92605
93881
93076
90339
87511
87259
89576
90900
92245
93581
90816
88724
87586
88817
91455
92782
93799
89351
88084
87819
89075
90382
93051
93960
91797
87766
87610
88760
91394
91940
87770
81770
80465
81670
84125
85236
79005
76472
75726
77969
79110
79661
76344
73315
73946
75035
77243
76770
73686
71185
72750
74900
75985
74530
71464
71650
72659
74785
76481
74125
70425
70940
71961
74066
76025
74521
70901
70605
72606
73695
75813
72041
70629
70550
72668
73750
75737
71984
70677
70316
72335
73410
75540
72235
70500
69641
71626
73770
74875
72735
69751
69696
70714
72860
75022
74436
70150
69377
70353
72435
74560
74867
70725
69075
70630
72697
73758
73445
69521
69075
71086
72100
74200
71495
69918
68910
70640
72666
74465
72750
68966
69005
71008
72035
74005
69942
68773
68611
70570
72660
73721
71475
68480
69517
70529
72670
74650
73251
69410
68665
70534
71550
73630
71637
68140
68660
69645
71675
73707
73503
69365
68160
69771
71800
72825
73044
68792
68002
69300
71360
73500
74265
70316
68390
69640
71701
73851
74199
69521
67975
69745
70771
72835
73750
69496
68405
68682
70654
72711
73720
70596
68049
69303
71332
72339
74351
71490
68585
68395
70147
72146
73870
71910
68154
68320
70305
72351
73425
72100
68821
68651
69640
71680
73760
73855
69400
68221
70060
72075
73116
72915
69615
69070
71040
73120
74170
71945
68615
69496
71504
72535
74280
70720
69050
70804
71836
73890
74646
71940
69051
70485
72535
73580
75395
71590
69990
69756
71751
73815
74885
73805
69370
68835
70710
72820
74946
74799
70566
69455
70380
72434
74547
74010
71335
68310
69634
71708
72756
74835
72535
70000
69951
71910
74052
75788
73801
69635
70098
72165
74310
75371
72945
70078
71115
72150
74302
76405
72484
69705
70255
72335
74436
75500
73305
70265
70900
71912
74005
75538
73063
69685
69806
71835
72896
74907
71640
70195
69935
71908
74001
75020
71535
68757
69923
70911
72975
74666
70750
69635
69735
71721
72775
74909
71886
69000
69261
71289
73364
74910
72890
69705
70085
71090
73161
75210
71696
70135
69780
71780
73901
74964
73119
70130
69830
71620
73750
74840
73791
69971
69395
71156
73210
75325
75100
70980
70541
71540
73645
75821
75850
71170
70059
72041
74150
76029
74660
71385
71386
73439
74505
76346
71850
69770
71405
72435
74535
75270
72658
70642
71905
73965
75030
76358
71405
70166
70962
73036
75155
76055
71911
70233
71440
72485
74634
75696
72275
69195
70155
72170
73200
75225
71700
70481
70150
72190
73264
75462
72960
69806
69475
71275
73395
74501
75230
70994
69829
71565
72611
74791
73950
71516
69416
71130
73245
75412
75342
71028
69805
71354
72380
74449
74890
72130
69278
70220
72225
73281
75395
72309
69650
70175
72185
73242
75161
70965
69490
69036
71065
73197
74298
73025
70080
71060
72141
74285
76286
75060
70820
71400
73442
74495
76575
73370
71955
71356
73375
74415
76570
75058
72748
70450
72265
74350
75420
76580
72755
71645
72361
74480
76669
77390
73215
71110
71925
74016
76165
76657
74069
71170
71880
72916
75045
77056
75760
71340
71079
73146
74225
76400
76991
73022
70945
72606
73646
75782
75701
71530
70410
71730
73800
75932
76840
73521
71260
72635
74805
75895
76710
72245
71005
71975
74081
76285
77160
73875
72170
72596
74679
76889
77910
74401
71760
72330
74434
76620
77605
74140
71861
72220
74335
75410
77615
75130
73037
72420
74539
75625
77790
74585
71952
72264
74370
76540
77570
73365
70796
71301
73371
75504
76585
74375
70840
71231
72250
74375
75445
74586
70235
69916
70915
72955
75080
75121
70458
69480
71383
73445
74480
73771
69795
70015
71019
73110
75227
75563
71541
70205
72120
73161
75296
74720
70450
70015
71000
73030
75130
75810
72026
70120
71725
73845
74915
76230
71795
70320
71160
73216
75315
75511
72810
70155
70935
71941
74035
76180
75542
70906
69880
71875
72916
75041
75855
73176
69895
70347
72350
74435
75460
72191
69239
70097
71109
73190
75271
74679
70430
68960
70550
71561
73645
74698
72196
69275
70280
72331
74405
75466
72986
70151
70100
72130
73174
75285
72026
69180
70086
71111
73204
75220
73916
70050
69235
70145
72185
74310
75235
71481
69195
70580
72665
74765
75065
70796
69135
70751
71765
73830
75135
70590
69356
70150
72175
74250
75215
71725
69320
70277
71288
73385
75455
74875
70650
70040
72070
73125
75200
73430
71875
70516
72371
74511
75595
76560
71610
70236
71204
73283
75420
76325
72628
70365
71615
73690
74751
76124
71695
70141
71020
73077
75170
76185
73015
70576
70505
72415
74519
75605
75060
70840
70555
71567
73685
75832
75758
71694
70421
72106
73161
75320
76381
73365
70416
71395
72405
74485
76505
75845
72035
70961
72855
74990
76070
75344
71171
70450
71925
73990
76130
76420
72248
70641
72204
73235
75386
76110
73450
70459
71665
73743
75866
76885
73740
70871
70630
72420
74560
75611
75340
71030
70116
71430
73496
75616
76295
72250
70066
71630
72675
74797
75775
71520
70630
72180
74307
75383
77212
72955
71210
72766
73824
75976
77045
74316
71240
71391
73480
75670
76765
76320
72610
71795
73325
75479
76610
77885
73200
72025
73130
75270
76375
78526
74817
72431
72775
74870
77086
78215
76190
73695
72190
74265
75382
77611
77416
74799
72571
73970
75075
77305
77932
74964
71940
73304
75441
76509
77881
73375
71826
72609
74701
76911
77994
75235
71675
71835
73895
76055
77165
76305
73625
71112
72540
74660
75705
75851
70930
69935
71299
73382
75500
75940
71865
70070
71579
73669
74755
75501
70812
69690
70833
72910
75010
75956
72569
70325
70515
72461
74597
75658
74730
70640
70410
72336
74415
75490
75940
71480
70450
71475
73551
75706
76584
72366
69791
71488
73535
75635
76362
72456
70380
70950
73006
75140
76205
73241
69990
70905
71896
73990
75696
71455
70280
70200
72241
74401
75468
72850
69885
69765
71695
73790
74855
74285
70726
70454
71435
73520
75675
76060
71470
70045
71898
73976
75035
75390
71111
70190
71030
73067
75185
75940
71755
69801
70470
72575
74695
75650
73055
70526
71030
73072
74123
76160
72420
70780
70460
72540
74701
75775
74145
72100
70461
72045
74163
75245
75950
73245
70571
71595
73685
75850
76301
71830
70280
71885
72930
75115
75865
70880
69744
70761
72775
73830
75985
73160
70540
71126
72169
74295
76441
75885
71530
70545
72541
74645
75720
75485
71470
70670
71643
73714
74771
76806
72995
70610
72055
73095
75211
76765
74420
71180
70740
72725
73790
75919
74547
72298
70256
72055
74200
75226
77145
72618
71090
70395
72386
74474
75536
74390
70120
70280
72281
73320
75429
75292
72728
70082
71110
72120
74255
75925
74060
70511
71250
73298
74340
76325
72823
70806
71290
73340
75470
77020
75000
71265
72060
73090
75230
77406
77230
73012
71441
72195
74310
76441
77435
74150
71560
73080
74145
76326
78256
76594
72398
72090
73135
75318
77516
75552
73113
71175
73115
74190
76376
76510
73825
71650
72975
74010
76131
77721
75121
71180
71815
73917
76077
77123
73940
71319
71235
73130
75247
76319
75836
71615
71515
72545
74655
76835
76805
72294
71306
72140
74228
76356
77315
73120
70700
72220
73260
75370
76855
74495
71765
72255
74365
75460
77651
75000
71591
71460
73454
75605
76690
77380
74740
71992
72540
74670
76846
77825
73700
71226
71675
73790
75924
77255
74715
71706
71735
72735
74855
76941
76064
71490
71121
73160
74215
76391
75565
73260
71401
72940
75040
77241
77739
73190
71637
73585
74645
76791
77160
74712
72165
72890
75015
76115
78110
73680
72100
72206
74285
75360
77546
75275
73290
71636
73255
75405
76480
76220
71591
70805
72338
74421
75478
77420
73318
71186
71460
73485
75640
77162
74663
71006
71611
73665
74705
76406
72165
71145
70980
72986
74059
76195
73495
71565
70685
72690
74806
75899
76090
72399
71745
72736
74870
77085
77282
72725
71672
72624
74760
76946
77715
73389
72420
72821
74925
76020
78146
73890
72070
71546
73620
74665
76827
75409
73210
71506
73024
75216
76324
77476
74714
71435
72260
74420
75505
77745
75675
73725
71801
73575
75769
76871
76210
72060
71451
73263
75410
76510
77945
73605
72281
73085
75200
77385
78412
74275
71450
72991
74054
76200
77610
74995
71760
71785
72805
74940
77106
77180
72020
70741
71695
73750
75875
77163
74640
71240
71285
73335
74405
76530
73142
71370
70425
72485
74629
75696
75675
71909
71180
72350
74430
75505
77384
73065
71141
71930
73992
76117
77179
74970
71921
72150
73182
75337
77445
76285
71702
71276
72275
74405
75476
77166
72705
71031
72436
73474
75633
75500
70995
70844
71846
73903
76106
76487
72225
70741
72450
74591
75679
75410
71010
70596
71600
73655
75780
76213
71876
70340
71980
74036
75109
75715
71285
70796
72816
74950
76040
74520
71135
70982
71989
74155
76340
76446
71970
70782
72696
74802
75848
76476
72280
71335
71834
73935
76113
77060
73035
70510
71980
73026
75130
76887
74939
71425
71025
73006
74054
76189
76201
71746
70755
72734
74854
75910
75951
71772
70828
71821
73890
76015
76870
72460
70340
70955
72975
75076
76149
76213
71940
70880
71781
73880
76045
74715
72066
69759
71371
73461
75605
76516
72606
70463
71620
73710
75866
76730
72465
70340
71062
73114
75208
76971
75195
71405
70791
71785
73872
75995
73810
71686
69875
71675
72710
74807
76430
71899
70706
70976
73065
75201
76270
73690
70555
71440
72470
74585
76745
76700
72180
70966
72695
73740
75909
76996
73809
70885
71941
74021
75099
77125
73315
72010
71171
73115
75290
76376
75840
71486
70860
72570
74650
75725
77635
73530
71271
71570
73580
75690
76761
74279
70660
71295
73348
74415
76564
75860
73227
70351
71348
72375
74491
76500
72551
70860
70290
72285
74395
75455
75485
71436
70192
70953
72980
75096
76059
72005
69615
71110
73186
74235
75975
71795
70556
70304
72305
74470
75535
73890
70605
70350
72246
74426
75540
75954
73384
70796
71558
73628
75831
76679
72345
70197
71740
72780
74901
76765
74890
71504
70940
72920
74015
76140
72875
70905
69879
71830
73900
74955
73777
70337
70265
71225
73298
75441
75500
70960
69611
71445
73521
74569
75371
71491
70451
71170
73225
75356
76335
72294
69830
71109
72140
74251
76111
74405
70725
70255
72260
73335
75450
72811
69405
69106
70895
72920
73975
73961
70190
69900
70881
72994
75141
76015
71940
69790
71300
73401
74471
75637
71350
70295
70629
72679
74830
75836
72206
69905
71199
72235
74325
76026
73831
70475
70236
72215
73255
75380
72350
69390
69385
71351
73476
74559
75100
71350
70385
71226
73290
75415
74036
70345
69690
71290
73394
75561
76150
71962
70056
71531
72580
74715
75495
71015
69942
71295
73410
75580
76170
72081
70750
71500
73570
75685
76660
72677
70000
71490
73546
74600
76155
72345
70946
71749
73815
76005
75472
72899
70618
72355
74440
75490
76432
72139
70815
71697
73782
75936
74645
72315
70630
72478
74610
75681
76060
72015
71245
72236
74334
76506
76830
72165
70725
72635
73680
75810
75525
73075
71173
72575
74715
75782
76565
71809
71226
72239
74360
76504
75041
72959
71760
73596
75745
76830
77241
72690
71625
72835
74975
76060
77200
72645
71379
72240
74381
76606
76811
73695
70955
72374
73396
75525
77056
74770
71865
72345
73381
75500
77311
75465
71615
71796
73849
74915
77070
76251
72280
71720
73771
74835
77025
74350
72399
71070
73021
74085
76250
78020
76001
72215
72141
74220
75305
77365
73590
71944
71300
73381
75540
76635
75456
71885
71645
72636
74770
76925
77150
72745
71591
73541
74575
76740
77691
76275
77445
78560
80846
83234
84426
85680
88180
89465
90760
93396
94734
96115
98940
100375
101805
103291
104820
106375
107945
109548
112788
114413
116095
117800
119540
121307
123119
124976
126845
128765
130705
132686
134735
136806
138900
141025
143222
145414
147622
149843
152126
154441
156780
159171
161626
164119
166726
169430
172205
174971
177750
180616
183525
186501
189555
192671
195735
199001
202290
205641
209025
212531
216150
219856
223660
227481
231430
235446
239536
243725
247991
252461
257150
261976
266770
271696
276876
282191
287700
293271
298946
304851
310925
317276
323781
330426
337121
344226
351655
359288
367374
375706
384426
393336
402596
412396
417351
339781
269026
255571
250161
253640
252590
220093
192949
179190
176990
179881
182885
184266
174680
162016
153405
149260
149821
152235
154755
156666
150125
141666
135030
131330
131216
133206
135319
137416
136195
130506
126291
123221
122103
123536
125440
127393
129338
127315
121680
115215
115720
117462
119259
121062
122719
120170
115665
112685
110586
110280
111835
113570
115351
117065
115812
109410
108015
108620
110256
111945
113635
115261
114000
110815
107111
106955
108410
110070
111786
113506
113484
110381
105605
105281
106665
108275
109935
111590
113011
110630
104686
103010
102742
104003
107176
108804
110112
108089
104390
101660
101540
103080
104660
106236
107835
108045
102096
100310
99445
100255
101776
104930
106510
106486
103285
100425
98155
99501
101014
102556
105355
103600
100721
98675
97445
98776
100256
101764
103295
102510
99675
97542
96855
99345
100820
102306
103805
103725
99135
97670
97171
98074
101064
102585
103915
102406
99160
95795
96681
98160
99645
101121
103265
100476
97709
95691
95255
96631
98060
99506
100994
99595
96677
94518
95039
96460
97875
99306
101080
98035
95390
93422
93070
94435
95826
98695
99885
98046
95140
92290
93099
94456
95854
98670
99866
98235
95292
91936
91944
93125
94506
97305
98527
97098
92265
91372
92048
93431
96270
97700
98701
96420
91941
90900
92391
93759
95171
96595
97726
94949
92435
90663
91885
93251
94640
97425
96166
90601
88894
88501
90897
92265
93623
95625
92950
90152
88011
89160
91855
93227
94595
91779
89940
88634
89585
90920
93592
94948
94715
89525
88290
88385
90940
92335
93705
94055
91350
89696
88715
89890
92572
93935
95204
91481
89430
88496
90602
91964
94644
95610
93286
89213
88222
88445
91002
92409
93840
94890
92015
87806
87870
89120
91835
93231
94490
90316
88600
87465
88580
91226
92575
93931
93474
88235
86760
87900
89195
90505
93196
93719
91385
87740
86941
88760
90102
92804
94017
92718
87926
86925
88581
89900
91247
93746
92204
89702
88134
86963
88006
90620
91970
93331
93220
87995
86530
87460
88745
91336
92675
92335
87805
86441
85825
87800
89115
91770
92585
90970
86780
86410
88754
90061
91395
93075
90379
86800
86090
87845
89180
90545
93209
92095
89385
86691
87215
89800
91146
92510
91140
88745
87322
86601
87804
90406
91734
92965
91780
86580
86196
87455
88750
91398
92456
88157
86754
85981
87140
88436
91095
92361
89023
86835
85836
87675
88972
90269
92700
90825
86420
85255
86095
87347
88649
91251
91094
86130
84810
86076
87310
88595
91081
89725
85640
84717
84684
86890
88150
90755
91320
88960
85131
84705
86920
88176
90745
90805
88225
85076
84585
86455
87726
90375
91437
89723
85712
85158
87206
88480
89785
91865
89526
86070
85395
86106
88610
89930
92171
90480
88000
86415
87575
88845
91426
92661
91490
86906
86015
87185
88457
91081
92250
87981
85665
84955
87180
88406
91066
91259
86551
85296
85123
87471
88785
91390
91541
88610
85045
85500
88074
89391
90719
90386
87905
85331
85700
88175
89472
90814
90455
87885
85471
86620
89181
90485
91815
91910
87562
86369
87600
88889
91549
92856
92314
86876
85640
87420
88720
91315
91820
89437
85595
85035
87096
88360
90950
91160
88596
85088
85631
88095
89390
90675
90090
87430
84462
84839
87300
88565
91125
90815
87785
84361
84590
87015
88280
90831
90303
87756
85295
85325
86477
89060
90400
90971
88080
86021
85467
86718
89295
90625
91445
88790
87005
85606
87950
89225
90536
91960
89235
86811
85461
86680
89335
90701
92005
88454
86561
85295
86030
88601
89900
91250
88772
86249
84650
85682
86924
89518
90835
88880
86860
85410
85476
86705
89260
90561
91165
86190
84635
85600
86835
89466
90785
91710
87170
85306
84175
85235
87756
89051
90635
88141
84275
84140
85226
87715
88980
90915
88740
86325
83915
84366
86834
88121
90685
89865
87080
83815
84150
86603
87871
89150
90420
87826
85780
83990
85939
87205
89771
91000
89945
84653
83400
84885
86155
88700
89986
87205
85205
83716
83895
85085
87589
88835
89075
86666
84787
83946
86414
87685
88980
90216
87870
84680
84150
86035
87325
89935
91086
89735
84966
83940
85785
87025
88296
90851
90089
85696
84620
85435
86705
88021
90665
91336
86500
84995
85895
87136
89750
91055
90651
85935
84720
85471
86735
89340
90660
90892
85975
84475
85571
86814
89381
90681
90489
85736
84270
84445
85670
88244
89530
89357
86474
83373
84006
86510
87780
89065
88293
85921
83819
84184
86635
87916
89556
84425
77389
76305
78195
79352
81314
75151
73219
72215
74263
76449
77445
72761
69675
71031
72040
74109
73835
71200
69105
70310
72335
74411
74385
69650
68340
70184
72206
73270
71610
68455
68325
70310
71350
73431
70555
67391
67310
69165
71211
73213
72708
68515
67305
69075
70047
72070
71725
67410
66600
67896
69853
71860
70657
67115
66340
67526
69470
71480
70701
68265
66260
67831
69775
71775
72485
68410
66320
67405
69336
71325
72110
68066
66030
67330
69306
71340
69890
66769
66835
67770
69689
71695
69491
66376
67100
69040
71031
72020
69120
66799
67550
69580
71636
72575
68905
66660
67925
69925
71929
72566
68300
66580
67931
69905
71945
71761
67395
66590
68450
70446
72136
70357
67445
67939
69861
71921
72782
70283
67449
68740
70736
71771
73285
68788
67265
69005
71034
72075
72080
67740
67630
69575
71587
72599
70105
67690
68666
70675
72725
72160
69635
67495
68986
70959
72975
72856
68740
68045
69885
71954
73544
71230
67707
68229
70207
72230
72416
69975
67750
69030
71015
72071
73074
68565
67816
68762
70728
72765
71155
68912
67121
68706
70671
72661
69500
67051
68111
70080
72109
73029
69263
67434
68696
70660
72700
70667
67162
67691
68649
70618
72645
70451
67825
67625
69374
71414
73435
70341
67560
67690
69590
71590
73626
73439
69031
67791
69575
71585
72610
72115
68099
67320
69291
70295
72320
72365
69962
67650
68593
70565
72595
72500
68361
67330
68399
70380
72381
73136
68921
67935
68465
70460
72540
73330
70571
67576
68555
70555
72595
73305
70630
67946
68465
70435
72495
73490
69790
67061
68275
70235
72257
73229
69995
67486
68429
70445
72501
73395
69192
67126
68535
69520
71541
73200
69070
67601
68234
70204
72260
73510
70685
67598
68366
70339
72395
73416
70585
68060
68755
70760
71795
73810
70125
67721
68155
70126
72185
74245
73726
69180
68260
70159
72251
73309
72844
68636
68838
69850
71910
74005
74280
69701
68600
70365
72411
73459
73170
68751
68485
70451
71464
73543
72405
69041
68930
70906
71964
74080
71120
67965
68605
69625
71670
73832
71545
69660
68315
70125
72200
74375
74075
69265
68184
70140
71185
73280
73724
69590
68740
69480
71490
73585
73485
68876
68364
69360
71380
73454
74435
71410
68776
69365
71355
73447
74390
70580
67926
69080
71115
73145
74206
71684
68481
68500
70475
71470
73504
70700
67832
68895
70895
71927
73980
70855
68694
69380
71440
72505
74586
71185
69285
68574
70565
72615
74575
73130
69262
68401
70315
72408
74243
72258
68585
68547
70545
71571
73665
71615
69665
67999
69430
71465
73630
73976
69385
68290
70191
72270
74351
74080
69715
68617
70466
72570
74646
73921
69650
69172
71161
73235
74275
72815
69185
68741
69704
71735
73805
74505
70201
68590
70470
72576
74675
74475
70245
69135
71003
73095
74175
74340
70026
69510
71511
72559
74685
74224
70994
70410
71983
74124
76300
76310
71680
70987
73081
74154
76290
73998
70696
70920
71940
74091
76270
75605
71550
71821
73950
75030
77151
74035
71146
71240
73225
75396
76490
74540
71007
70829
72799
74972
76074
74395
70820
71059
72081
74215
76315
75186
70601
70501
72541
73591
75667
72960
71545
70400
72241
73295
75424
73991
70336
69979
71845
73941
75034
76125
71470
70030
71716
72775
74910
74075
70030
69495
71120
73161
75325
75901
71931
70315
71855
73947
75003
75855
71281
70400
71350
73406
75530
75292
72744
70205
71245
73289
74375
76320
72246
70445
71220
73262
75391
76050
73460
70530
71230
73290
75430
76335
72090
69710
70211
72247
74316
75915
73645
70476
70170
72166
73205
75317
73819
71625
69625
71315
73389
74455
75540
71540
69850
71376
72399
74531
75295
70744
69665
70760
72840
74986
75995
72259
69670
70516
72590
73666
75800
72421
70644
69770
71765
73891
74945
74175
70668
70306
71274
73334
75505
76290
72035
70042
71700
73802
74869
76392
72000
70205
70665
72675
74851
76125
73645
70631
71505
73640
74735
76905
74121
72354
71007
72830
74980
76075
75750
71381
70910
71945
74071
76245
77072
72886
70750
71950
72990
75146
76735
72315
71036
71570
73690
75869
76930
73485
70881
71545
72595
74746
75825
75910
71501
71100
73210
74290
76436
74850
71466
70960
72525
74676
76906
77179
72475
70735
71551
73615
75755
76431
73669
71115
71660
73805
76005
77005
72950
70700
72195
73275
75426
77110
74840
71476
71370
73451
74515
76695
73811
72004
70900
72936
74004
76185
76220
73595
71457
72385
74545
76805
77725
73455
71153
72685
74817
75899
77280
72621
70955
72590
73635
75816
76910
74190
71140
72052
74135
75231
77390
73631
72106
70585
72340
74476
75566
75675
71101
70587
72628
73693
75870
75150
72695
70625
71581
73676
75836
76645
72460
70365
70940
73010
75170
76960
75047
71475
70875
72881
74995
76055
73671
70941
72144
73160
75320
77275
75565
71701
71365
73409
74465
76645
77005
72321
70770
72666
74756
75805
76150
71752
70570
72400
73440
75565
75500
71396
70465
71755
73840
75985
76995
73595
70686
71125
73241
74311
76430
73016
70395
71505
72575
74787
76872
75944
72120
71455
73420
74516
76750
75520
71330
70500
72120
74246
75355
77015
72461
70535
71982
73069
75256
76571
73954
70791
71555
73650
74715
76810
72823
70660
71650
72690
74825
76855
75611
71160
71020
73101
74150
76330
76246
73425
70660
71591
73716
74805
76940
73250
71440
70660
72719
74850
75940
76891
72175
70425
71090
73205
75344
76410
73856
70390
70995
73120
74215
76405
73690
71021
70794
72670
74815
75905
76111
71145
70099
71094
73185
75325
75564
73010
70325
71231
73355
75491
75958
71880
70815
71811
73955
76125
76980
73046
71095
72836
73875
76015
76620
74061
71230
72770
74910
76000
77066
72629
71680
72456
74597
75699
77736
73721
71160
71800
73965
76155
77277
75622
72689
72975
74024
76216
77359
77454
72799
72598
73655
75825
78060
77900
73506
72360
74306
75385
77620
78482
74026
72025
73960
75012
77190
77355
73021
72266
73585
75774
77995
78325
73540
72215
73227
75380
77590
78322
73764
72111
73767
74838
77060
78145
75034
71935
73080
74156
76326
77861
75574
72371
72950
74020
76210
78405
74540
72730
72545
74676
75779
78009
77810
73343
72365
74369
75460
77701
78270
73610
71856
73800
75965
77080
77975
73737
72454
73215
75411
77660
78655
74575
72111
73536
74634
76856
77995
76610
72675
72160
73165
75335
77565
77425
73015
72070
74118
75216
77422
77994
73526
71835
73361
75501
76610
77006
72105
71065
72055
74170
76316
75591
73144
71014
72414
74519
75576
76966
72350
71120
72035
74114
76277
77354
74287
71336
71770
73876
74934
77055
73545
71805
71085
73135
75265
76337
75145
71705
71161
72600
74730
76925
77201
72380
70776
71703
73866
76134
76030
73470
71507
72720
74965
76135
77995
73410
71455
73366
74434
76656
76631
73809
71247
72330
74483
75555
77240
72410
70501
71240
73320
75415
75116
71091
70446
71720
73817
75940
76451
71845
70320
72225
74345
75415
76085
71807
70948
71824
73910
76080
77016
72954
70586
72315
74445
75514
76956
72225
71145
71489
73560
75711
76774
73810
71105
71280
73305
75434
76507
75710
71855
71641
72655
74795
76929
76775
71995
70935
71915
73992
76147
75495
73040
71130
72496
73520
75702
77266
74680
71499
72240
74320
76455
77411
73490
71385
72765
73816
75980
77605
75226
71245
71796
73886
74955
77100
73990
72365
71350
73307
75459
76559
75650
71885
71392
73139
75285
76375
76721
72105
71080
71960
74120
76340
77315
73366
70935
72491
74627
76820
77245
72660
71323
73046
74115
76350
76375
73695
71175
72709
73782
75950
78018
76510
72270
71635
73665
74729
76915
74941
72460
70635
72447
74585
75670
76530
72090
70945
71800
73911
76092
77018
73065
70937
72530
74670
75765
77000
72590
71420
71710
73831
76025
77140
74064
71200
71355
73454
75625
76745
75246
71550
71500
72536
74664
76896
76804
72180
70960
73001
74061
76234
75931
73505
71070
72126
74256
75354
77386
75825
71585
71429
73501
75700
76805
75156
71850
71912
72953
75130
77334
77090
72715
71375
73360
74425
76620
75891
73515
71480
72755
74905
76035
77675
72565
71191
72174
74316
76563
76580
74091
71820
73250
75376
76465
78064
73390
71975
73016
75135
76210
78270
74339
72840
72425
74515
76720
77821
74269
71210
72390
73432
75595
77505
75780
72200
72330
73355
75531
77630
76770
72475
72470
73540
75701
77885
77630
73275
72235
73250
75384
77594
75605
73407
72275
74342
75398
77611
77063
75050
73146
74930
76015
78305
78620
75930
73230
75080
76190
78466
78555
75815
72980
74320
76491
77634
79005
74690
73286
74685
76945
78125
79912
77823
74633
75350
77655
78836
80975
79035
74235
74426
75515
77760
79760
77930
73909
73979
75060
77295
79581
79274
73797
73416
74485
76655
77789
78975
74340
72970
73991
76170
78465
79446
75620
74165
76295
77430
79714
77325
75215
74005
76119
78382
79518
76420
72365
73540
74600
76775
78130
75821
73155
74221
76406
77545
78915
73910
72640
73765
75894
76985
78256
73826
72895
73885
76069
78320
79020
74121
72174
73105
75231
77440
78420
74985
72945
73590
75730
77920
78960
74694
71754
73465
74525
76716
77609
75074
72145
72960
75083
76181
77763
72840
71396
72120
74210
75291
77439
74170
71911
73210
74280
76486
78075
75745
72082
72935
73970
76115
78159
77115
73245
73080
75185
76301
78535
75135
71760
71971
74020
76210
77987
75698
72160
71966
73015
75164
77290
76691
72165
71456
73532
75656
76734
75445
71256
71322
72334
74450
76630
77157
72560
70940
72795
73840
75965
76990
72341
70910
72720
73770
75917
75980
73155
70436
71885
73964
75031
77050
73105
70655
70836
72805
74955
76900
75230
71140
70965
72985
75102
76169
74750
71125
70316
71795
73885
76077
76730
72305
70111
71800
72811
74941
76400
71789
70080
71780
72812
74952
75339
72576
69621
70775
72832
74966
75911
71986
69779
69871
71820
73945
75840
73925
70135
69950
71964
73006
75145
73610
70010
69623
71550
72565
74651
74275
71797
69421
70800
72840
74941
75960
72530
69681
70384
72435
73489
75601
73705
71425
69095
70720
72831
74955
74595
72130
69450
69795
71771
72800
74870
71760
68765
69800
71884
73979
75045
73540
70175
70198
71210
73281
75364
71600
69781
69109
71060
73116
75150
71610
69351
69485
71427
73541
74575
74829
70351
69636
71615
72645
74754
74346
70596
70075
71525
73585
75675
76565
72195
69955
71505
73546
75682
76383
72112
70370
71975
74070
75145
76055
71211
70135
71095
73111
75210
76240
72346
69816
70744
72790
73816
75815
71785
69520
71055
73146
74195
75940
71932
70683
70210
72211
74306
75380
73055
69730
69603
71555
73656
75791
75574
71326
70177
71995
73010
75107
74235
70020
69710
70716
72785
74920
73878
71545
69440
70830
72894
75075
75757
71325
69535
71330
73400
74441
75995
71575
69530
70960
71960
74066
75575
70955
69466
70060
72070
74156
75230
73760
69968
69925
70955
73046
75165
73215
71056
69370
71245
73323
74376
75885
71537
69130
70705
72751
73805
75860
72125
69215
70608
72688
74781
75829
73680
70485
70085
71986
74101
76295
76425
71611
69950
71881
72945
75116
76415
74230
70895
70790
72871
74997
76146
73515
69965
70490
72565
74700
75795
73911
71815
73055
74122
76340
78580
79725
82075
83290
85771
87050
88355
91030
92366
93740
96625
98086
99580
101055
104204
105825
107425
109035
110713
112403
114125
115846
117615
119415
121211
123060
124955
126880
128841
130855
132920
135021
137120
139246
141410
143630
145866
148161
150474
152856
155295
157765
160307
162884
165521
168200
170906
173700
176541
179440
182422
185429
188495
191681
194915
198241
201691
205185
208190
198181
183800
172528
166438
166321
169100
171941
173255
164750
155671
148820
144430
143416
145525
147966
150495
149895
143446
137960
134360
133451
135305
137505
139701
141535
138430
134262
131114
129352
129964
132007
134099
136250
137520
133546
129545
127115
127401
129367
131468
133570
135451
133370
130305
127816
126482
127195
129189
131280
133375
132936
129870
127886
128407
130408
132461
134560
136691
138845
141055
143327
145563
147896
150310
152751
155190
157706
160285
162906
165602
168363
171211
174070
176962
179909
182867
185909
189035
192261
195501
190150
176540
165476
162045
164390
167161
168701
160945
152785
146331
142565
142161
144295
146660
149000
147431
141475
135780
132056
131305
133245
135341
137470
138451
133095
127835
124070
122361
123285
125246
127260
129256
129745
124980
120910
118320
117446
118895
120702
122555
124374
122856
116575
115350
116385
118216
120115
121985
123055
119303
115798
113130
111681
112270
115826
117650
119175
116936
113880
111466
110544
111636
113395
116910
118146
115420
112325
110076
108776
109039
110640
114120
115720
114211
110935
108040
106565
108630
110375
112130
113841
113275
109985
107521
105036
106090
107720
109412
111108
112021
109347
104422
103709
104740
106395
108070
111351
110244
107131
104885
103480
104781
106365
108010
109645
109686
106800
102592
102469
103895
105515
108715
109920
107441
104885
103095
102156
103600
105225
106895
108790
105870
103285
101666
102891
104464
106057
107679
109245
107951
102165
100890
101461
102995
104560
107761
107045
103915
101070
99595
101060
102580
104162
105724
103294
101096
99670
100843
102384
103930
105479
106466
103585
97935
97271
98385
99850
102866
104365
103602
101163
97845
97981
99369
100856
103960
103635
99936
96580
94770
96086
97570
99051
101647
99649
97680
95786
96385
97792
100815
102290
101790
98700
94595
95075
96492
99430
100935
101295
98981
95465
95205
96405
99321
100810
102005
100085
95217
94833
96071
99072
100584
102005
101145
96486
95585
96287
99225
100722
102208
101597
95805
94845
95710
98581
100067
101533
99601
97125
95360
95601
97059
98550
100061
100290
97575
95186
94885
96295
97751
100715
100545
98077
94835
94695
96006
97426
100391
101029
98191
93830
93581
94790
97680
99130
100611
99915
95346
94141
95236
96661
98124
99630
100207
97694
95465
94225
96086
97535
99000
101926
101620
98480
96050
93940
95045
97911
99375
100665
98845
93252
92009
93909
95345
96771
98209
97246
94835
92945
92941
94320
95750
98601
99045
96205
91862
92109
93490
96346
97785
99001
97230
92730
91775
93745
95171
96640
99005
96841
93965
91853
93090
94498
97325
98661
97720
94872
91510
91479
92685
95489
96925
98232
93969
91655
90435
92146
93515
94950
97862
97549
94945
91735
91646
94215
95620
97056
98390
93620
91296
90560
91927
94750
96180
97555
96476
91760
90476
91786
93195
94615
97456
97160
94181
90555
90436
91610
94376
95804
97130
95975
91685
90520
91783
93161
94540
97135
95561
92825
90168
91041
93796
95193
96630
97001
92077
90794
91080
92425
93810
96695
97220
94465
90092
89778
92294
93690
95115
96535
93171
91135
89344
90326
91641
94433
95831
96040
90575
88995
88877
91406
92789
95630
95800
92970
89480
88845
90916
92295
93690
95791
93310
90505
87990
89031
90345
93035
94415
94946
90260
88710
88266
89529
92225
93606
94765
90286
88385
88260
89585
90941
93715
95000
93835
89365
88180
89256
90601
91979
94666
93680
90765
87435
87590
90143
91480
92831
93580
90935
88146
87921
90215
91586
92960
93505
90591
87380
87490
88700
91335
92695
93460
90495
88680
86917
87739
90355
91697
93051
91200
88930
87060
88060
89385
92085
93460
93675
88601
87235
86952
88198
90905
92280
93376
88965
87075
86997
88299
90976
92374
93601
89850
88240
87150
88325
89705
92500
93830
92650
87485
86345
88260
89610
90985
93715
92895
90220
87190
86860
89135
90526
91949
93065
90354
87086
87430
88680
91325
92681
94000
90112
88589
87265
88305
90976
92340
93180
90226
88010
87370
88627
91332
92683
93931
90130
88545
87475
88627
89945
92675
93856
92265
87591
86669
88475
89775
92437
93544
91796
88007
86879
87820
89145
90486
93145
92415
89801
86776
87393
90030
91390
92761
91650
89215
86622
86854
88065
90835
92241
93511
89660
87747
87521
88844
91575
92935
94045
89971
88330
86811
87884
90535
91870
92179
89275
86305
86860
89494
90835
92180
91849
89105
86452
86629
89160
90515
91856
91620
88830
86110
86930
89550
90876
92255
91151
88640
86416
87059
88366
91101
92499
90361
87899
86184
87320
88670
91440
92816
89830
87745
86196
87335
88680
91421
92570
91020
86621
86590
89155
90515
91871
91475
89035
86866
87630
90275
91661
92635
89770
86126
86740
89355
90701
92741
90584
88161
85800
86685
89322
90644
92200
89196
84613
84885
87451
88785
90130
91751
89115
85435
85075
87414
88745
90110
91425
88410
84500
84852
87430
88765
91145
88987
84685
83952
85866
87179
89755
87060
77375
74615
75629
77845
79687
76468
71380
70561
72627
73738
75491
69515
66811
68329
70375
71435
71856
66930
65765
67626
69650
71535
70010
65876
65790
67740
69775
70910
66726
65585
67331
69317
71224
67477
65461
67009
68976
69970
70581
66920
66210
68005
70035
71702
67513
66125
67890
69905
71855
68067
66859
66320
68216
70231
71575
67471
66305
68220
70216
71885
70100
66745
66231
68155
70226
71495
67121
65715
67545
69530
70560
71541
67200
65747
67415
69420
71410
70586
66660
67008
68986
70004
71710
67485
65725
67050
68990
71012
69305
66226
66880
68820
69810
71790
68631
66334
66970
68920
70945
69485
66385
66785
68795
70914
71981
69705
66739
66932
68930
70990
71620
67325
66645
68572
69578
71645
70985
67370
66842
68766
70790
71815
69691
66945
67500
69456
71480
70655
67300
67346
69269
71290
72300
69164
66571
67935
69925
71985
71150
67535
67491
68470
70490
72541
69520
67175
68411
70420
72506
73175
69035
67360
68876
70900
72916
71989
67410
67770
69745
71800
72785
68566
67875
68687
70635
72720
70980
67905
68515
70525
72630
73625
69990
67965
69025
71020
73071
70525
68185
69274
71291
72309
73639
69090
68045
69831
71918
73884
69941
67971
69501
70490
72526
74011
69361
67942
69620
71685
72725
72981
68680
68050
70052
71084
73156
74405
70001
68280
70100
72155
73199
71720
68076
68290
70270
72334
73381
71385
67821
68325
70360
72426
73114
70685
68325
69730
71795
73871
74780
70580
68110
69410
71440
73534
71220
68295
69327
71350
73422
74394
70560
68011
69186
71196
73245
70991
67997
68805
70796
71835
73880
70511
68260
69216
71206
73292
73678
69451
67940
69780
71831
72860
73932
69941
68355
70205
72275
73340
71350
68261
68995
71070
73185
74230
71435
68701
69580
71680
73760
71531
69794
68405
70235
72305
74396
71827
68870
68777
70662
72730
74086
70185
69051
69834
71894
74025
74380
71755
69310
70421
72496
74636
74814
70259
69127
71096
72155
74250
74125
69850
69295
71311
72355
74485
72345
68960
69460
71485
72511
74576
71230
68710
69560
71606
72630
74555
70661
68466
70040
71050
73111
75045
71201
69910
69620
71660
73775
74890
72195
69185
69655
71707
73801
74755
71022
69169
70536
71553
73691
74772
72278
69255
70151
72219
74331
75362
71825
69465
70669
72775
73830
75426
71046
69195
69841
71885
74015
74956
72220
69470
69920
71945
74081
75064
71375
68900
70231
72299
73361
75273
71220
69280
70515
71541
73640
74711
70505
69362
70295
72350
74475
75380
71425
69387
70625
71641
73750
75297
72818
69525
70065
72135
74245
75320
72797
70290
70735
72820
73891
75965
72522
69895
71270
73391
74490
76100
71620
70506
70829
72925
75085
76140
72835
69870
70895
72946
74005
75939
71988
69791
70980
72036
74205
75675
71085
69534
70370
72441
74576
75875
71366
70140
70095
72135
74308
75363
71860
69486
70610
72695
73761
75610
71430
69733
71305
73404
75520
75290
70950
70065
72064
74216
76030
74147
70805
70501
72535
74660
75521
72569
69560
70670
72770
74905
75801
71757
69550
70836
72925
74015
75541
70690
69086
69810
71864
73995
75416
71070
69965
70406
72500
74670
75630
72115
69740
71006
72035
74130
76009
72055
70070
70405
72455
74605
75710
74201
70359
70738
71772
73900
76026
72576
70221
70254
72251
74335
75405
73505
70112
70690
72816
73895
75940
72351
70455
70775
72820
75010
76342
73814
70646
71615
73766
74860
76955
73425
70705
71421
72464
74617
76420
74530
70756
70550
72665
74787
75873
74545
71172
70765
71765
73920
76130
76205
71640
70220
72170
74316
75395
75840
71786
70650
72424
73484
75656
75720
71131
70085
71245
73351
75510
76420
72266
70082
71335
73400
74500
76305
72035
70200
70960
73061
75245
76360
73960
70925
71105
72140
74280
76229
71986
69890
70360
72391
74490
76110
73750
70491
70407
72475
74645
75740
74370
70716
71162
73256
74340
76530
75700
73106
70555
71835
74011
76245
77106
72611
70055
71435
73610
75810
76885
73981
70610
71150
73256
75375
76306
72366
69330
70638
72696
73765
75911
73095
69949
69452
71216
73335
75409
74866
70920
70170
72251
74415
75512
75256
71320
70115
70862
73000
75240
76172
72645
69980
71344
73450
74490
76400
72400
70115
71360
73480
74570
76405
72164
69630
70220
72271
74385
76346
74885
71015
70140
72126
73190
75335
75531
70960
69950
70966
73065
75161
76666
74355
70530
69806
71800
73915
75794
73826
69745
70060
72105
73175
75327
76520
72106
70339
70085
72160
74284
76010
71866
69380
70075
72130
74227
76385
76380
71540
69185
70760
72871
73959
76035
72314
69700
71075
72116
74285
76480
75001
72645
70236
71605
73740
75905
74446
71880
69755
71490
73616
74683
76044
71365
70116
71995
73071
75200
76471
71610
70365
71120
73220
75425
76240
73481
70882
71737
73850
74952
77058
73095
70740
72319
73381
75530
77291
72960
71857
71934
74054
76275
77345
73926
71151
72311
74431
75493
77490
73254
72045
71745
73784
75995
77130
74361
71104
72145
74255
75335
77370
72856
70495
71521
72584
74715
76440
71935
70560
70805
72945
75070
76430
73901
70995
71215
73315
75475
76555
73051
70405
71575
73695
75864
76639
72366
70615
72205
73255
75405
76085
71296
70370
71360
73457
75585
76510
72670
70760
71981
73040
75202
76685
72156
70890
71465
73586
75745
76790
73289
70834
71540
73651
74742
76615
72141
70165
70910
73013
75150
76205
73321
70639
71320
73451
74530
76580
72286
69825
70305
72384
74519
76390
72330
70996
70855
72940
75136
76244
73595
70791
71904
74028
76255
77240
73312
71170
72300
73370
75621
76780
72005
70927
71850
73985
76210
75721
73144
70939
72000
74155
76386
76370
71309
70096
72145
73220
75369
76750
72247
71073
71405
73530
75741
75590
72740
70105
71491
73655
75854
75270
71555
70795
72045
74225
76516
76610
71916
70460
72375
74515
76685
75966
71990
71481
73535
75710
76080
73065
70400
72056
74236
76470
74480
71290
71005
73001
75195
77210
72930
71201
71217
73371
75625
76775
74155
71285
72155
74365
75510
77745
73670
71805
71180
73256
75413
76495
75992
71885
70975
71897
74019
76220
74760
72355
70450
72265
74421
75528
77141
72675
70796
72266
73340
75535
75940
71374
70665
72736
73835
76025
76096
71860
70755
71635
73750
75937
76770
72505
70230
71762
72819
74959
75991
71770
70764
72616
73685
75855
75136
71181
70979
72010
74155
76340
74651
72585
71065
72661
74837
76934
75620
71425
71245
73381
74450
76685
74795
71600
71660
72711
74880
77045
76310
71925
71019
73045
74106
76305
76076
73475
71280
72255
74375
75480
77055
72515
70945
71755
73846
76015
76449
72275
71217
72080
74241
76390
74426
70750
71406
72444
74571
76720
73525
71996
70887
72691
74816
76840
72687
71089
71045
73165
74246
76475
74205
71040
71234
72266
74431
76625
76385
71831
70810
72856
73931
76097
75775
73156
71141
72385
74520
75605
76935
72230
70890
72870
73965
76165
76300
72266
71284
73228
74310
76480
74910
71074
71367
73437
74499
76640
74070
71581
72340
73402
75576
77490
75476
71360
71701
73816
76010
76055
73150
70831
71780
73880
74971
76780
72285
70536
71225
73329
75475
76580
74705
71685
71845
73930
75035
77140
73395
71001
72515
73600
75785
77380
75255
71965
71650
73742
75951
77035
74005
71436
72680
73731
75950
77659
75330
71885
71930
74015
75105
77285
74148
71323
71521
73610
75857
76964
75810
72370
72077
74215
75335
77579
74750
72760
71624
73670
74750
76971
76515
72515
72041
72995
75205
77456
77335
72190
70915
72928
74000
76166
74315
71582
70325
72080
74295
75400
76729
71735
70721
72785
74945
76025
75774
71892
71442
73516
74654
76845
73100
70245
71606
72709
74914
76261
71610
70740
71565
73680
75845
76690
72420
70615
72285
74410
75490
75866
71445
70700
71665
73811
75965
75315
72701
70310
71873
74006
76180
77065
72615
70156
71548
73650
75850
76225
71436
69875
71745
73865
76035
76440
72136
70436
72095
74275
76416
75779
71050
70235
72280
74413
76590
76595
72165
70660
72481
74665
75770
74748
70760
70585
72680
74830
75945
74550
70820
70530
72596
74740
75825
72660
69826
70895
71920
74065
76070
72194
70070
71461
72539
74735
75200
71051
70175
71470
73571
75775
76170
71860
70490
72365
74505
75585
75560
71090
70609
72705
74876
75965
74481
71077
70805
72808
73880
76002
73389
70511
71564
72600
74755
76795
72710
71405
70960
73005
75195
76621
73909
70450
70977
73084
75247
76322
73075
70698
71765
73899
74986
76630
71966
70405
71297
73375
75549
76035
73392
71204
72310
74435
75546
77195
72380
70750
72580
73640
75820
76716
72255
71350
71851
73990
76165
77036
72698
70791
72436
73475
75635
76496
71805
71036
71771
73915
76090
74763
72458
70925
72876
75025
77180
76327
71890
71241
73241
75421
76544
74640
71035
71760
72815
74970
77075
73439
71417
72636
73690
75880
76930
72391
71220
72155
74265
76415
76801
73759
70710
71470
73525
74600
76784
73096
70135
70310
72360
74500
76560
75325
71171
70495
72475
74595
75675
74300
70760
71037
73074
74125
76269
73195
70970
70930
72750
74911
76915
75342
71155
70975
73070
74145
76385
73995
70820
70918
71915
74006
76117
75178
71026
70625
72720
74865
75942
74944
71085
70742
71728
73865
76065
74192
72084
70505
72335
74456
75551
76166
71792
70855
71690
73821
76025
75014
71161
71350
73466
74534
76705
74616
71416
71040
72755
74906
77096
76389
71706
70970
73020
75166
76275
74754
71340
71655
73736
74800
76960
73674
71581
70820
72880
75021
76116
74180
71150
71785
72825
74965
77081
73371
71764
71486
73640
75817
77605
75465
71482
71256
73295
75440
76536
74360
70596
71024
72035
74140
76320
74051
71849
70035
71646
73740
75906
76180
71566
69931
71810
73935
76160
75940
71430
70401
72265
74396
75485
75295
71005
70531
72626
73679
75841
74915
71025
69990
70870
72979
75111
74425
71975
69566
70930
73047
75176
76035
71945
70031
71374
73490
75680
76205
71495
69766
71595
73731
75910
76250
71745
70056
71715
73826
74915
76160
71440
70100
71035
73150
75316
76045
73511
70791
71140
73223
75431
76419
72420
69859
71135
73266
74346
76395
72445
70366
70635
72635
74796
76440
71611
70218
70650
72735
74878
75982
73445
70756
71260
73376
74469
76428
72325
70785
70470
72537
74643
75711
74112
70646
70540
72650
73715
75860
73720
71560
69968
71895
74050
76220
73020
71535
70520
72420
74554
75620
74635
71000
71160
72190
74316
76471
73260
71695
71026
72965
75110
76200
74634
70640
70730
72805
73865
76041
73635
70595
70896
71910
74011
76113
72455
70845
70420
72491
73570
75787
74551
71055
71085
72121
74250
76448
73220
70405
70540
72599
74760
75880
75705
71515
71065
73090
74155
76318
74550
72185
70430
72215
74310
76491
76580
71925
70485
72256
74410
76546
75745
71380
70450
72466
74601
75679
74401
70835
70731
72765
73835
76009
73050
70144
70055
72001
74125
76205
75285
71410
70726
72706
74881
77040
77177
76625
78451
79605
82010
83220
85671
86145
86295
86765
89245
90545
91890
94634
94894
93830
93345
94515
95922
98787
100283
101345
99105
98235
97975
100254
101735
103275
104841
103236
101679
101126
101840
104936
106555
108205
109382
107658
105831
104425
105705
107311
108940
112176
110700
108015
106380
107710
109350
111016
112675
114200
112526
107527
106643
107645
109311
111010
112737
113755
110406
107939
106921
108000
109672
113080
114796
114355
111555
109485
108385
110321
112025
113746
115300
113460
110200
107620
107585
109235
110911
112581
114274
113965
110676
107125
106906
108280
109905
111585
113267
114339
109046
106910
106175
107185
108837
112265
113971
113470
110450
108252
106170
107440
109082
110769
112487
113348
110746
106411
106579
108101
109765
111465
113215
110773
108250
106211
105250
107701
109365
111030
112295
109646
106890
105325
106831
108445
110115
111796
109270
106880
105337
104909
105906
109166
110870
112195
109860
104680
103900
104966
106535
108175
111329
110311
107869
105905
105099
106600
108266
109980
111615
110520
104975
103760
104455
106116
109484
111151
111005
108200
105905
103915
105015
106707
108409
110140
108520
105651
103750
104250
105850
107490
109111
110735
110155
104966
103690
103420
104630
106261
107935
110655
107896
105005
102997
103891
105495
107135
108787
110139
108331
103486
102315
102581
104034
107306
108969
108665
105478
103093
102162
103699
105320
106950
108586
105599
103295
101946
103250
104851
106520
108225
109065
106337
101715
101505
102911
104540
106215
107915
107750
104980
103275
102440
103960
105650
107366
109052
104921
102535
101255
103236
104880
106525
108177
108519
104150
102561
101940
102785
104365
105976
108895
107015
104171
102105
102520
104101
105705
107331
108824
105210
103345
102366
104135
105722
107369
109015
109020
106075
101690
101995
103540
105152
106804
109151
106590
104175
102495
102675
104300
105995
107666
107441
104421
102319
101380
103706
105315
106965
108565
107676
102925
101705
101486
102560
105816
107475
108575
106445
103871
101277
102408
103961
105575
107195
107379
104520
102440
101111
102311
103874
105485
107096
107806
104939
100376
99919
101141
102674
105809
107170
105541
103000
100016
100035
101410
102911
106036
106840
104125
101320
99065
100242
101748
104875
106392
105694
102830
99661
99440
100635
102130
105266
106020
103480
100800
98970
100195
101720
103272
106250
104891
102275
100430
99336
100630
102120
105175
105666
102960
100435
98265
99480
100957
103995
105470
104540
101721
98335
98035
99156
102165
103717
104819
102500
97511
96760
99215
100695
102196
103720
101076
99025
97392
97591
99010
100500
102035
102576
99550
97290
96125
98345
99830
101370
103855
101890
99606
97215
97961
100955
102515
104065
103391
97551
96344
96901
98325
101370
102911
104150
99652
97769
96675
98358
99841
101375
102920
100471
97635
95782
96611
98085
99580
102571
102300
99557
95976
95611
96634
98080
101075
102490
101297
96145
95447
96383
99315
100790
102315
102661
98136
96669
96021
96660
99590
101101
102636
102654
96814
95360
95526
98390
99893
101427
102820
98760
96935
95771
97084
98555
100070
102651
100549
97960
95610
96665
98120
99616
102630
101855
99021
95910
95731
96861
98354
101385
102786
101475
98600
95385
96130
99045
100571
102095
102595
97630
96039
95396
97514
99015
100505
102001
98610
96240
95476
96910
98361
101411
102506
100499
96306
95150
95325
98129
99655
101165
101255
96150
94725
96054
97535
99010
101906
100930
97970
94606
94330
95410
98296
99790
101172
97041
95030
94142
96080
97545
99025
101646
99580
97045
94053
95534
97020
98550
100715
98120
93960
93610
94755
97681
99125
100555
97291
95625
94515
95551
97030
98545
101496
99870
96740
93751
94385
95811
98807
100324
101365
99170
94816
93919
95920
97401
98890
100380
97410
94775
93545
94881
96346
99321
100540
98800
94500
93426
93620
96375
97861
99415
98106
95325
93610
94345
95746
97185
98710
100456
97665
93980
94060
95520
98560
100104
99886
94898
93603
93840
98276
99796
99166
94585
93890
95206
98120
100645
98530
93745
94165
97000
98456
99945
100262
95265
93775
93217
95386
96825
98301
99361
96385
94020
93066
94410
97235
98671
99795
95055
93371
92545
94320
95776
98725
99630
94421
92540
91985
94371
95780
97220
98716
95665
93420
91511
92480
93900
96785
98265
98110
92961
91730
93241
94629
96056
97525
96114
93756
91425
91810
93122
95925
97355
98106
92986
91394
92386
93782
95213
98082
98168
95815
92506
91905
92801
95611
97085
98505
95116
92870
91937
93278
94716
97635
98866
96940
91750
90520
90726
93445
94900
96346
94995
92270
89935
91020
92380
95170
96590
93965
91926
90649
91436
92810
95665
97085
96761
91385
90130
90576
93285
94665
96066
96378
93820
91331
91815
93160
95945
97390
98075
92776
91235
91195
93826
95231
98055
97255
94386
91051
90735
93235
94645
96076
96136
93133
91145
91080
92466
95311
96746
97899
92831
91115
91026
92374
93741
96579
96891
94295
90519
90480
91731
94640
96120
97636
94594
92351
90945
92110
93545
96460
97840
96675
91816
90980
91680
94506
95926
97419
96694
93821
91955
91773
93156
94600
97515
97101
94215
90720
90761
93476
94895
96335
95800
93115
91416
91300
92681
94089
96940
97330
94226
88610
88860
90186
91534
92270
86570
80075
79510
80650
83031
83106
78840
74438
75405
76501
78773
78556
73330
72414
73315
75529
77720
74165
72056
70805
72850
75036
76320
71680
70230
71880
72935
75081
74280
69854
69635
71711
72784
74954
72135
68996
69535
71575
72640
74730
71470
68706
69790
71865
74017
74904
71095
68896
70170
72230
74351
75015
70987
68971
70685
72795
74876
74165
70204
69630
71605
73710
75011
72342
69075
69927
71975
74130
73115
70080
70590
72663
74825
75752
71761
69263
70885
72957
75105
74660
70201
69335
71260
73375
75020
72560
68677
70540
72615
73694
73567
69531
69195
71205
73340
74865
70370
69135
69830
71910
74048
74096
69980
69405
70835
72925
75085
75331
70635
69435
71412
73545
75160
73031
69850
70451
72506
74670
74240
69935
70121
72166
73240
75315
71885
69691
71055
72090
74220
74785
70036
69230
71201
72235
74386
73430
69822
70200
72221
73299
75416
72100
69230
70465
72566
73656
75155
70620
69570
71345
72385
74494
73905
70014
69590
71615
73705
74752
72404
69363
69931
71985
74150
73970
71365
69240
70755
72870
75010
72640
70630
69576
71449
73550
75490
71186
69685
70641
71649
73775
74997
70580
69645
70495
72566
74745
73155
69776
69770
71821
72870
74900
71325
69640
71186
73260
75345
74825
70405
69586
71625
73752
75425
73175
69845
70296
72385
74490
73925
69790
69681
70710
72786
74941
72519
69685
70480
72556
73625
75596
71587
69290
70822
71844
73965
75278
70670
69540
71415
72476
74665
74014
70085
69775
71800
73890
74950
72290
69595
70121
72182
74325
73000
69191
69402
71422
72468
74655
72545
69626
70171
72258
74411
72900
69370
69985
72101
73169
75380
72373
69955
70879
72980
74052
75665
70914
69281
71146
73294
74360
75071
70515
69510
71370
73520
74580
73266
69599
69421
71505
73598
74685
73136
69830
69530
71495
73640
74434
70267
69220
71196
72264
74441
74335
70459
69665
71591
73710
74780
73031
69875
69936
72030
74165
75280
72646
70064
70725
72801
74915
75725
71561
69339
70945
73069
75224
75090
70780
69750
71535
73655
75280
71210
69265
70875
71915
74031
75035
70840
69743
70596
72655
74780
73234
69845
70250
71290
73395
75505
72245
70105
71086
73170
74250
76005
71450
69535
71290
72350
74475
75821
71305
69650
71350
73456
74551
74580
70385
69800
70766
72845
75010
75240
71090
70470
71356
73450
75593
73780
70406
70636
71690
73835
75970
72741
71079
70105
72050
74180
75896
71186
69690
71549
72605
74720
75340
71355
70901
71914
74049
76255
73531
70410
71491
72535
74665
76770
72916
70809
71250
73346
75550
76505
71965
70915
71906
74040
76195
74145
70961
71350
72390
74516
76470
72445
69930
71402
72438
74546
76149
71975
70440
71290
73403
75585
73830
69984
70620
72730
74886
75910
72700
70275
71610
73691
75881
75686
71075
70045
72025
74116
76036
74426
70775
70899
72970
75135
75101
72495
70174
71741
73855
76005
76885
72855
70679
72282
74440
76705
73765
71750
70375
72385
74545
76755
73781
70496
70791
71810
73905
76045
72870
70925
69565
71451
73547
75692
73679
71655
69576
71070
73160
75326
75581
71046
69325
71101
73170
75281
75361
71220
69650
71480
73570
75657
75140
70815
69490
71401
73505
75625
74880
71110
70496
71470
73615
75765
73370
70053
69790
71685
73789
75926
75835
71850
70765
72795
74935
76005
76085
71785
71839
73915
76068
77147
76249
72630
72155
73206
75402
77640
74602
70965
71006
73065
75230
77104
72740
71075
70435
72445
74555
75635
73865
70005
70191
72250
74385
76210
74580
70845
71266
73375
75541
76609
73445
70245
71561
73695
74791
76847
72770
70340
70966
73080
75230
76750
71827
70470
71721
73870
74950
77100
74272
70880
72265
74396
75489
76950
72161
70810
71801
73870
76000
77010
73940
71145
72736
74860
75970
77834
73375
71076
71971
74071
76260
77340
74770
71295
72090
74199
75300
77330
73477
70750
72341
73390
75575
76955
72975
71575
72060
74226
76380
77070
74441
71100
72418
74605
75695
77630
74121
71839
73626
74675
76840
77003
72165
71145
72657
74800
76995
77135
72241
71000
72926
75010
76056
75600
71360
71110
72125
74271
76452
76213
72280
71505
72960
75130
77365
77575
72795
71260
73180
75351
77540
77226
73081
72237
74226
76415
77642
75125
72230
73219
75401
77595
78470
74486
73065
73915
76099
78350
77190
74680
72736
74669
76869
79101
78649
73875
73111
75140
77321
78485
75380
72354
73350
74415
76591
78490
74165
72966
73195
75295
77476
78334
73745
71561
73276
75403
77600
75360
72640
73405
75595
76700
78325
74010
72130
73995
75060
77241
76750
72515
72324
74415
75495
77705
74525
71040
71775
72850
75005
77156
74240
71436
71006
72755
74924
77061
76435
72011
71310
73371
75511
76605
75450
71590
71391
72405
74554
76726
73345
71750
71271
73380
75536
76629
75890
71945
71846
72895
75040
77222
74854
72765
71471
73361
75514
76585
75980
72175
71721
73755
74845
77026
73925
70835
70699
72659
74765
76981
77305
72675
71061
72781
74880
76976
76045
71640
71061
73110
75260
76336
75681
71625
71235
73270
75391
76475
74190
71101
72116
73135
75254
77295
73780
72081
72740
74885
77078
76285
73890
71728
73480
75629
77861
74775
72960
71965
74051
76270
77946
75630
71828
72085
74225
76388
77465
74815
71785
72365
74490
75585
77630
76001
71840
71724
73845
76005
77090
74951
71646
71891
73990
75065
77244
73880
70969
71035
73075
75229
77093
75108
71715
71765
73901
76086
77128
74041
71117
72325
73366
75520
77460
73355
72015
71800
73876
76065
77170
74611
71405
72175
74280
75380
77500
74446
71640
71691
73690
75830
76940
74771
71395
71926
74026
75105
77309
74381
71929
72751
73830
76070
78058
76152
72225
72312
74435
76624
77750
76917
72525
71830
72820
74910
77085
75021
72665
70597
72425
74545
75631
77159
72272
70415
72067
74177
75233
76166
71132
69915
71826
73920
76066
75920
71159
69825
71601
73710
74792
75066
70795
70130
72205
74340
76408
75061
70635
69745
71680
73815
75574
70790
69180
70996
73081
75216
75099
70780
70025
71955
74110
76115
72182
69965
70580
72651
74786
75440
71070
70280
71085
73171
75327
75125
72270
69780
71157
73266
75445
74941
72460
70292
71714
73851
75985
73585
70080
70540
71566
73671
75790
72101
69990
71196
72240
75480
76105
71549
69695
71430
73536
74585
75494
71071
69855
71685
73794
75890
74935
70510
69785
71790
73885
75885
74335
70425
70025
72040
74210
75830
71296
69551
71230
72270
74390
75465
70935
69770
70580
72630
74799
74846
70319
69271
70380
72455
74602
74555
71735
69590
70540
72605
74716
73297
69770
69691
71740
73815
74875
72950
70116
70505
72545
73595
75731
72580
69405
70420
71450
73565
75680
73230
70135
70645
71685
73820
75935
72384
69606
69675
71645
73760
75935
75950
71404
69536
71260
73359
75400
71726
69508
70691
71704
73825
75845
71965
69656
70546
72597
74716
75475
71195
69305
70890
72950
74010
75595
71090
69169
70655
72751
74880
74916
70425
69055
70930
73020
75215
75500
71409
69791
71501
73660
74766
75534
71300
70316
72334
73391
75650
76415
71565
70105
72065
73120
75280
74460
70705
70830
71881
74030
76186
74555
71003
71426
73530
74620
76596
72550
69895
71361
73467
74588
76671
73455
70846
71295
73380
75560
75786
72985
69715
70985
73069
75210
76251
73245
70600
71549
73635
74725
76436
72340
70682
72460
73530
75655
76431
72350
71345
72381
74526
76745
77176
72421
70440
72280
74430
75535
76246
71890
71480
73545
75700
76816
75196
71675
72287
74406
76604
77701
74771
71965
72895
75031
77246
77990
73414
71310
73050
75156
76264
77565
73145
72150
72795
74950
77162
77998
73698
71574
73325
74401
76595
77940
73155
72210
72850
74989
77214
78025
73397
71140
72855
75020
77186
77384
72599
71640
73555
75690
76785
75300
71405
71751
73825
74906
77075
74725
71980
72510
73570
75724
77705
73765
71606
72104
74244
76430
78162
76053
72415
72140
74220
75341
77530
73895
71314
71590
73655
75856
77792
73311
72025
72065
74159
76375
77465
74626
71800
72955
75067
76149
77975
73551
72224
72871
74985
77201
76508
72391
72415
73452
75605
77772
77505
73251
72605
74620
76816
78060
75320
71971
72755
74880
75975
78170
74650
72430
72810
74990
77256
77485
74652
71776
73172
75367
77595
78000
73080
71676
73545
74590
76781
76535
71935
71081
72415
74555
76761
75123
72986
71694
73565
75720
77730
76120
72005
71792
73915
76115
77210
74350
71783
72836
73880
76055
77095
72610
71645
72631
74771
76965
76265
73785
71755
73196
75340
77566
77370
72532
71490
73516
75678
77772
76624
72495
71990
74091
75176
77365
74315
71800
71885
73920
76135
78240
76900
72725
72165
74196
76360
77365
73586
70850
72045
73081
75255
76976
72121
70947
71349
73431
75580
75920
71475
70765
72028
74165
76379
76660
72070
70935
72840
75031
76130
75555
71350
71305
73395
74461
76636
73575
70490
71075
73170
74251
76400
72804
69836
70790
71825
73921
76025
72704
70276
71320
72414
74655
76580
72045
69675
70220
72306
74475
76270
71920
69975
71370
72392
74510
75980
71531
69805
70520
72624
74795
76191
71755
70135
70770
72875
74995
75325
70926
69960
71022
73095
75305
74730
70809
70340
72365
73460
75590
73204
69896
70326
72384
74496
75505
72380
70066
71166
73235
74280
75910
71495
69575
71280
73350
74411
74985
70835
70309
72290
74375
75456
72730
69482
70147
72150
74236
74830
72190
69865
70861
72929
75076
73635
70035
70234
71250
73340
75465
74155
70785
70851
72915
73995
76136
73335
70501
71426
73540
74615
76735
73260
71180
71520
73575
75741
76401
71865
70932
71807
73884
76010
74646
71150
70830
72610
74759
76815
75965
71794
71201
73229
75395
77142
73022
71936
72115
74231
76425
77530
74365
71235
72011
74161
76355
77195
72711
70260
71711
73851
76041
76534
72211
70505
72420
74555
76711
76924
71996
70430
72240
74375
75475
75709
70977
69633
71596
73736
74809
75215
70955
69925
71821
72895
75060
74625
70750
70375
72451
74610
75720
74540
70650
70526
72596
74750
75800
72880
69820
70645
72727
74905
75885
72475
70365
71860
73938
74998
76430
71983
70334
72195
74281
75380
75864
71671
70875
71845
73911
76060
76785
72305
70126
71685
73825
75855
74595
70215
70090
72125
74268
75419
71076
70089
71119
73185
76315
72785
70848
73415
76650
71750
71536
73635
76816
73333
71385
73445
76743
74510
71125
72835
75030
76934
72384
72301
74425
76600
72655
71006
74181
76360
73875
71091
70940
72831
75019
77091
75790
71740
71823
73955
76120
77236
76225
72045
71585
73655
74750
76889
73742
70777
71900
72925
75120
77076
75300
71310
71276
73315
75496
76559
73060
70448
71634
73740
74815
76350
71995
70760
72671
73750
75945
75360
71690
71429
73566
75750
76870
73826
72195
73800
76006
78230
79395
81586
82255
84462
87021
88335
89650
92331
93700
95100
97985
99365
100835
102385
105588
107220
108871
110051
109659
109480
110815
112515
114260
116036
117850
119660
120536
120265
119726
119224
122205
124115
126061
128005
127495
124976
123095
122085
123011
124905
126890
128871
130905
131110
129241
127405
126270
126765
128721
130812
132943
134676
132200
129376
126990
126045
127200
129211
131285
133346
134390
131035
127906
125660
124650
125660
127601
129630
131705
131531
128035
125345
123731
124000
125836
127820
129830
131810
130236
126412
123743
122061
122370
124230
126136
128125
129615
127131
122045
121165
122430
124410
126390
128378
129853
127195
124251
122305
121465
122421
124330
126285
128276
128220
124620
122121
120730
120980
122652
124569
126517
128498
129246
125645
122625
120696
119675
120780
122646
126480
125996
122395
119590
117740
117546
119150
121002
122894
124790
124780
120971
115386
114699
116106
117880
119715
121451
119535
115230
111711
109670
111307
113054
114827
116548
116066
109550
107655
107171
108400
110045
111745
113456
109995
106261
103549
102612
105141
106771
108431
109352
106096
103573
101761
101990
103505
105056
106665
106051
103310
101070
99777
101380
102950
104525
106125
104994
102260
99031
99210
100640
102210
105401
105849
102866
100080
97146
98150
99675
102741
104325
104075
101247
97376
97045
98285
101345
102875
104111
102174
97310
96685
99255
100760
102310
103846
100410
98191
96865
98415
99887
101410
102989
101485
98514
96665
96615
99551
101105
102685
103721
99215
97165
96926
98390
99900
101450
101715
98610
96050
96205
97640
99130
102171
101674
98725
95645
96095
97540
100572
102099
102265
99616
95210
95315
96677
99660
101200
102011
98060
96815
96836
99635
101110
102616
103670
98124
96006
95960
98803
100311
101835
102360
97116
95135
94700
97345
98821
100305
99981
96900
94460
94581
96015
97470
100360
100068
98213
95330
95776
97180
100211
101667
100538
94511
93470
94460
97305
98751
100155
96715
94821
94015
96155
97631
99135
99971
97010
94351
93629
95021
96445
99331
100170
98390
94730
94106
95025
97905
99346
100795
97631
95370
94295
96335
97792
99264
100790
99926
97216
95360
95426
96825
98255
101261
101426
98494
96032
94770
96100
99022
100519
101900
100580
96305
95285
96825
98266
99770
101886
99041
96154
94419
95690
97135
100107
101394
99620
96720
94032
94634
97526
99010
100545
101170
95891
94280
94170
96881
98325
99780
98901
96350
93700
94006
95315
98156
99610
100805
95485
93515
92790
95120
96581
98030
99660
96875
93220
92915
94070
96870
98339
99655
95075
92840
92045
94204
95622
98546
99000
96082
92200
91657
92593
95427
96886
98348
94614
92335
91526
92854
94251
97102
98339
96770
92485
91690
92347
95105
96541
97969
95835
93160
91505
92395
93795
96661
98020
97207
92471
91417
91603
94309
95725
97155
95595
92950
91400
92171
93550
96392
97798
97281
94460
91822
92074
94835
96300
97767
97046
94094
92231
92260
93635
96520
97990
98595
96136
92615
92235
94617
96065
97494
98465
95295
93060
92364
93715
96565
97991
98945
94317
92789
91950
93830
95261
96715
98624
95931
93410
91930
93140
95939
97390
98791
98025
93485
92460
92636
95355
96795
99245
96915
94221
91875
92840
94260
97160
98645
98520
93840
92595
92440
95040
96515
97980
97791
94595
92415
92240
93609
95025
97901
98361
93731
92240
91570
93811
95196
98016
97174
94122
90735
91300
94076
95505
96940
94880
92720
90894
91776
94515
95955
97350
93910
91760
90595
92110
93515
96381
97666
96379
91952
91059
91380
93961
95371
97318
94710
92432
90795
91941
93335
96211
97628
93995
92135
90910
91960
93330
94725
97559
96540
90937
89794
90105
92766
94151
95549
95670
93226
90181
90259
91456
94257
95668
94650
92112
89950
90971
93782
95186
96635
95345
92905
90445
91104
92440
95345
96835
96965
91028
89488
90670
92091
94930
96360
96886
91790
90165
90025
91370
94156
95591
96239
90690
89116
89920
91261
94040
95481
95700
90880
89460
90090
91436
92806
95590
94637
89557
88173
89600
90920
93640
94968
94288
89785
88415
89376
90686
93416
94635
89775
87611
86675
87927
90616
91984
93415
91096
87312
86418
86826
89395
90755
92881
91155
87091
86170
88050
89385
92111
93184
91490
87536
86580
88272
89594
92376
93554
89286
87360
86785
88056
89420
92110
93515
90272
88428
86811
87855
89200
91940
93286
89481
87414
86340
87570
90201
91545
92890
89979
88016
85845
86546
89115
90472
92732
90404
85915
85280
87445
88740
91385
92411
90770
86689
85721
87059
88370
91029
92160
88415
86581
86187
87463
90151
91495
92780
89200
87040
85450
86531
89160
90525
91671
88960
85447
85419
87910
89275
90600
92985
91100
86431
85371
87011
88330
89665
92040
87651
85507
84693
86766
88080
90765
92000
88520
86850
85516
86605
89291
90659
91470
89045
85387
85314
87755
89080
90436
91660
89241
85995
85625
87865
89201
91975
92030
89341
86030
86185
88716
90055
92698
92351
89356
86125
87314
88636
91304
92655
89690
86901
84790
85860
88450
89776
91280
88400
82680
81540
82685
85155
86305
80395
75677
75718
77930
80205
81235
76079
73030
73805
75996
78245
77995
72802
70905
72865
75041
76990
72765
70310
71465
72491
74640
75770
71461
69685
71515
73650
74731
74460
70466
69542
71487
73620
75153
71147
69251
69925
71962
74056
75450
70995
68975
70570
71577
73701
74435
70515
69665
71664
72735
74941
75580
71246
69480
71270
72310
74461
73650
69860
69924
72035
74200
75281
72895
69764
69919
71970
74110
74495
71715
68980
70122
72185
74320
73910
69855
68901
70772
71813
73961
73390
69687
69776
71835
73955
75020
74125
70355
69696
71695
73795
74881
72925
69352
69440
71500
73621
75346
71205
69935
69590
71580
73710
75405
71440
69426
70079
72120
74233
75854
71450
69441
69895
71930
74100
74886
70541
69444
70115
72165
74295
73875
70045
69366
70306
72375
74505
72031
69114
69940
72025
74156
73996
71415
69170
70260
72320
74500
72752
69467
69824
71881
73930
74995
72200
69254
69475
71492
73560
73664
71217
68785
70010
72051
74190
73616
69966
69310
71266
72316
74465
72290
69270
69830
71900
74030
74800
70251
68760
69527
71582
73701
73287
69586
69170
71155
73261
74475
69964
68425
70092
72137
73188
72195
68608
68616
70600
72670
74014
69220
68145
69916
71950
74012
70915
68590
69824
71875
73985
74770
70565
68989
70496
72558
74655
71581
69018
70222
72305
74425
75080
70651
69305
70925
73018
75125
71906
69229
70310
72411
74571
75424
71275
69180
70500
72580
74690
72316
69141
69815
71879
73986
74982
71470
69196
70040
72110
74240
72300
69075
69294
71351
73441
74465
71640
68850
69155
71140
73185
72605
68880
68610
69586
71633
74321
72140
68900
68785
70730
72776
73791
69665
68568
70464
71475
73535
74256
70179
68995
70731
71760
73845
73551
69705
69314
71325
73400
75455
74421
70395
69366
71290
73354
74746
70468
69096
70954
71996
74070
75050
70850
69445
71187
72234
74345
74340
70340
69830
71791
73875
74930
73962
70090
69645
71626
73700
74991
72520
69234
69716
71696
73805
74550
71800
69015
69790
71788
73865
73785
69761
69150
71196
72248
74355
73680
69902
69612
71695
73796
74605
71980
68816
69860
71875
73991
73771
71639
69451
70899
72989
75106
72835
69646
70621
72670
74786
75670
72425
70275
71850
73945
75025
75626
71335
70575
72595
74737
75808
74480
71270
71788
73929
74986
76700
72155
70035
71779
73885
76075
72876
70275
71240
73320
74390
76240
72000
69850
71486
73565
75655
72765
70241
71356
72389
74525
76217
71751
69968
71800
73895
74965
75575
71397
70845
72900
73979
76165
73785
70696
71565
73675
74761
76872
73230
71385
72951
75095
77125
75742
71605
71075
73137
75285
76800
74365
71380
71890
73985
76161
76994
72672
70652
72353
74473
75535
76765
72030
70912
72835
74944
76691
74700
70920
71185
73225
75304
76261
71669
70541
71280
73348
75482
75556
71290
70716
71730
73801
75930
75625
71171
70269
71546
73645
75795
73152
70280
71175
72216
74340
76345
72940
70485
70995
73061
75225
76351
71705
70320
71125
73240
75365
76111
73405
70405
71186
73285
75417
76313
72295
69557
71080
73150
74185
75569
70945
69525
71241
73332
74388
75535
71010
69410
71251
73305
74340
74901
70505
69167
71047
73110
74145
74874
70441
69420
71401
73466
74509
75105
70450
69530
71487
73600
74670
74061
70065
69770
71830
73980
75090
74606
71140
70993
73096
75280
76110
71768
70397
71015
73091
75305
75731
73160
70695
71687
73756
75895
76400
72191
70535
73460
75615
72295
70275
73726
75936
71110
70840
72887
75975
72015
70385
72374
75545
73690
70220
73181
75331
75540
71630
71311
73365
75548
76780
71946
70730
71705
73822
76001
76335
72045
71191
73180
74235
76387
74720
71190
71586
73680
75877
76948
73490
71125
71949
74064
76242
76359
71865
70792
72760
74850
75921
76006
72042
71305
73255
74315
76535
75191
71389
71380
73480
74546
76740
74976
71590
71631
73719
74825
76931
73020
70763
72135
73155
75285
76435
71850
70685
71501
73615
75830
75429
71425
71357
73421
74475
76665
73986
71230
71696
73779
75984
76865
72736
71118
72850
75015
76115
77841
73505
71120
72513
73563
75720
76386
71900
70725
71680
73834
76016
75985
71865
70891
71784
73890
76080
74446
71130
71538
73686
74780
76965
73876
71075
71600
72660
74911
77060
72961
70917
71363
73470
75621
76893
72386
71135
72865
73924
76114
76245
71763
70816
72015
74156
76370
75081
72725
70915
72500
74646
76835
74646
72490
71235
73220
75391
77605
74261
71620
72265
73300
75439
77411
73000
71286
71940
74056
76260
77090
74257
71535
72291
74371
76637
75598
71635
71086
72850
75066
77275
73735
71456
72562
74753
77015
77355
72463
71010
73005
75271
76400
76085
71965
71625
73772
76036
77045
74140
71076
72334
74524
76800
75822
73458
71484
73135
75345
77570
73425
70875
72195
73240
75434
76849
72194
70929
71746
73860
76077
75260
71260
71470
72535
74730
76951
74130
70995
71295
73370
75526
75160
72775
70342
71701
73881
76011
72945
70515
71405
73515
74625
76615
72440
70200
71745
73826
74894
76281
71920
70730
72576
73625
75826
75055
71075
70718
72780
74920
75985
73126
70365
71395
73510
75685
73311
71260
70055
71975
74096
76180
72764
70520
71850
73960
75066
76225
71661
70360
72325
74467
75559
76350
71831
70760
72680
74841
75941
75145
71369
71375
73483
75636
76745
74740
71366
71755
73855
76056
77010
72930
70596
72130
74255
75351
76590
72120
71245
73215
75355
76435
74750
70900
71160
73296
75454
76545
73125
70339
71360
73440
75592
74580
70530
70761
71781
73913
76095
73870
70727
71347
73440
74525
76606
72510
70350
71916
74043
76260
76661
71765
70536
72375
74490
76545
72695
70195
71600
72640
74775
76631
72425
70860
72531
73565
75740
75796
71355
70305
72340
73410
75599
75911
71591
71205
72201
74296
76495
75436
71710
71861
72920
75110
77270
73606
71445
72657
73724
75925
77369
72545
70940
71795
73886
76035
75981
71885
71595
73646
74735
76947
73894
70805
71908
74040
76195
77110
72920
70799
72150
74336
75417
76020
71291
70440
72520
74625
75720
74550
70926
71180
73250
75400
76070
71411
70550
71525
73651
75834
75884
71521
70670
71885
73953
76115
74035
70486
70915
72983
74035
76155
72965
70601
71578
73705
75856
76645
72286
70301
72010
74160
75235
76765
71985
70591
72310
74430
75490
75520
70790
70230
72305
73400
75576
74816
71180
71011
73073
74156
76334
74040
70369
70940
72970
75131
76226
73135
70767
71650
73775
75966
74967
72478
70339
72025
74194
76446
73600
70965
71660
72750
74965
76961
72499
70422
72080
74239
75321
76846
72302
70725
72465
73550
75745
75335
70945
70656
72825
73915
76091
74226
70735
70786
72880
75092
76173
72675
70040
71281
73410
75575
76545
72675
70580
71861
73975
76174
76070
71384
70180
72166
74275
76420
72969
70525
71177
73255
74330
76375
72344
70030
71544
73655
74729
76620
72230
70580
71975
74104
75190
76069
71265
70120
72115
74230
76165
71706
70490
70266
72345
74470
75955
71216
69585
71367
73470
74555
75524
70795
69560
71410
73590
75758
72482
70879
71286
72344
74555
76410
72004
70114
71606
73731
75726
71355
69075
70440
72546
74725
75285
70879
69555
71320
73440
75415
71420
69455
71130
73290
74406
75755
71240
70186
72125
74330
76220
71791
70093
71985
74233
75367
75255
71015
70782
72935
75205
76381
73625
70750
71916
74170
76500
76101
71894
71760
73975
75130
77435
74175
71057
72345
74585
76914
77734
73044
70965
72497
74779
77111
73551
70427
71490
73675
74785
76840
72696
70665
72116
74275
76395
75295
70641
69914
71910
74020
76020
71864
69725
70955
73050
75215
75365
70551
69295
71205
73301
75375
74430
70303
69640
71675
73800
75080
70435
69260
71165
73325
75395
71590
69615
70927
72003
74175
74875
70405
69546
71595
73767
75561
73531
70314
70506
72589
74745
73965
70015
69871
70885
72980
75110
72805
70155
70761
72850
73935
75880
71696
69690
71304
73425
74505
75940
71620
70219
71880
74034
76096
74729
70610
70075
72111
74250
76122
72090
70485
72089
73170
75335
75093
70661
70261
72330
74489
75986
73594
70649
71180
73308
75465
74405
70456
70409
72499
74651
75775
73757
70706
71130
73232
75396
75635
73030
70286
71610
73760
75939
76590
72171
70561
72175
74401
76650
76240
71025
70009
72030
74166
76305
73180
70571
71470
73560
75719
76385
71920
69920
71609
73690
75845
76225
71700
70171
71875
74012
76113
72615
70106
71360
73460
75626
76515
72340
70240
71655
73785
75950
73060
70051
70105
72078
74220
76291
73064
70851
71975
73040
75225
76304
71785
70430
72335
74490
76481
75090
71404
71291
73386
75610
76360
73395
70490
71475
73565
75715
75534
71360
70747
72750
74905
76000
72999
69839
70785
72875
74990
76060
73375
70040
70455
72510
74640
75750
72940
69735
70470
72560
74720
75921
73165
69850
70115
72230
74390
75006
72150
69120
69990
72065
74230
75556
70945
69142
69753
71770
73890
75460
71060
69330
71066
73215
74310
75537
71370
69669
71316
73379
74435
74978
70478
69680
71666
73823
75942
75153
71125
70070
71936
74035
75884
71425
69605
71376
73495
74560
76235
71930
70231
71760
73904
74982
75749
71345
70145
72096
74265
76340
75091
71225
70495
72461
74602
76161
71636
70200
71996
74165
75240
75920
71585
70480
72322
74490
75580
74880
71164
71170
73220
75390
76617
72046
70618
72359
73411
75575
75040
71140
71155
73270
74336
76520
74155
71095
71069
73167
75347
74595
70436
69805
71445
73541
75699
73445
70606
71345
73411
74491
76385
72090
70396
72120
74226
75305
75584
71460
70771
72755
74911
76005
73743
70790
71670
73775
75950
75285
72780
70950
72440
74600
76777
75934
71282
71103
73165
75300
76456
71895
70750
71495
73575
75720
75021
71260
71977
74095
75175
77252
73596
71401
72945
75111
76191
76942
71990
70755
72835
75015
76145
76185
71446
70655
72716
74840
75940
73600
70090
70970
73064
75180
76015
71721
70740
72735
74876
75950
74810
70466
70485
72535
74691
75799
75795
71316
70146
72115
74277
76080
71539
69380
71166
73278
74353
75546
71439
70240
72190
74361
75479
74480
70711
70585
72717
74935
76285
71861
70870
71699
73825
76005
74971
71000
71060
73135
75292
76389
73605
70511
71250
73395
75561
74540
70871
70995
72040
74150
76316
73720
70635
71371
73460
75666
76265
71680
69859
71770
73879
76046
76645
72460
70850
72695
74870
76876
75415
71547
71400
73505
75680
77286
73040
71846
73845
74945
77150
76710
72318
72105
74219
76426
77544
75445
72205
73151
75280
76365
78615
80987
82168
84580
85821
88365
89671
92355
93735
96586
98010
99485
100980
104040
105595
107225
108826
110465
112112
115531
117285
119085
120896
122755
124667
126559
128491
130484
132516
134602
136678
138846
141030
143245
145476
147790
150181
152670
155185
157781
160376
162975
165601
168285
171090
173990
176996
178512
167969
157310
148320
142831
142245
144460
146811
149111
145865
139432
133643
129751
128590
130240
132305
134411
135095
129491
124165
119175
120586
122455
124395
126226
124255
119786
116605
114375
115066
116865
118710
120470
119211
115585
112750
112049
113785
115546
117340
119050
117447
111785
110430
110631
112230
113940
115705
117377
112810
110496
109665
110726
112411
114139
115905
115041
111981
109834
108595
110480
112185
113931
115625
114540
111570
108745
109615
111271
112955
114690
116290
112080
110035
108820
109041
110660
112375
115716
114104
111155
108971
109166
110840
112550
114260
115350
112676
108401
107770
108865
110530
112225
113961
112220
109356
107605
107875
111276
113027
114798
114671
111455
109165
107885
109525
111257
113035
114830
115714
112405
109356
107084
108535
110276
112016
114311
110800
107715
105460
105395
107025
108646
110325
111690
104645
101404
99625
101426
102987
104523
106115
105705
102465
100066
97729
98610
100150
103241
104414
102281
96750
95275
97025
98490
99981
102714
100530
97335
93620
93432
96021
97480
98945
98792
95739
92010
92255
93601
96475
97935
99296
95275
93170
91605
92700
94120
96991
98305
94160
91801
90485
91775
94505
95900
96935
92795
91095
90396
91666
93029
95849
97035
92362
90113
90115
91440
92806
95675
96535
94675
90560
89425
91201
92610
95464
95980
93186
88345
88230
90829
92200
94961
94565
91655
88237
88204
90725
92096
94736
93490
88470
87161
88955
90285
92980
93965
89681
88100
88195
89522
92285
93680
94347
89674
87675
88129
89426
92126
93514
91790
89360
86924
87825
90505
91885
93344
90920
86605
86476
89020
90396
93125
92960
88365
87027
88191
90815
92180
93410
88925
86645
86100
88650
89970
92351
90675
86825
86145
88244
89560
92220
92681
90455
86635
88350
89670
92372
93584
89701
87885
87454
88750
91431
92795
90660
88296
86085
87175
89791
91145
92266
89835
86899
87125
89721
91070
92995
90410
86690
86656
89120
90422
92950
91716
87690
86965
88946
90264
92981
93655
91201
87092
87710
89010
91666
92950
89745
88211
87555
88855
91566
92920
90450
87760
86515
87770
90395
91737
92240
90064
87927
88628
91286
92625
94599
91755
86010
85420
87751
89040
91590
91387
87264
86125
87630
88911
91560
92376
86998
84635
85265
87780
89070
90610
88390
85205
85316
87790
90386
91555
90461
85445
85355
86600
89161
90475
91445
87336
85045
85935
88486
89790
90900
88065
84270
84635
87145
89730
90950
87851
86106
85929
87186
89760
91065
90045
87470
85050
86136
88705
90025
92161
90137
86015
85479
87685
90305
91616
88810
86380
84840
86040
88650
89990
91252
88668
85505
86575
87882
90549
91930
89126
86890
85250
87696
89009
91657
91519
88611
85010
85656
86930
89605
90903
87231
85134
84805
87389
88720
91166
89409
85460
84626
86385
87666
90330
91380
86860
85336
85686
88238
89553
91620
89571
86320
85925
88141
90751
92094
92376
86875
85001
86116
88690
90020
91225
88441
85305
86341
87619
90251
91560
87821
85760
85114
86340
88937
90249
89910
87195
84640
85180
87733
89033
91150
88765
84965
85746
87021
89670
91016
89071
87065
85554
87794
89090
91627
90334
85426
84529
86540
87825
90440
90966
85980
84735
85030
87560
88881
90435
87520
83945
84060
86510
89146
90345
86265
84656
83680
86031
87290
89844
89069
84411
83289
84870
86142
88745
89975
86065
83141
83069
85349
86615
89126
88795
83990
82752
84050
86546
87789
88860
86191
82661
82494
84980
86251
88550
86940
82901
83165
84396
86921
88215
87802
85325
82615
83745
84986
87570
88871
85871
84035
83170
85630
86910
89509
89426
84605
82661
83390
85845
87110
89320
87470
83430
83549
84795
87377
89725
88182
84261
83220
84641
87190
88496
88696
86045
83130
84846
86100
88730
89995
86989
85385
84055
86325
87605
90225
89740
84725
83530
85080
87652
88969
89490
86445
83306
84260
85520
88137
89205
86492
83265
83625
86041
87330
89795
88650
84675
83725
84830
87365
88655
89896
87105
83555
84806
86067
88610
89876
86750
84810
83006
85050
86325
88916
89360
84565
82555
84795
86051
88615
89530
85381
83790
83615
86104
87425
89695
87766
83274
82586
84571
87125
88417
88107
85699
83475
83906
86405
87700
89881
87640
83670
84460
85695
88255
89586
86884
83236
83052
85380
87906
89176
85388
83335
82844
84065
86592
87884
87669
84590
81585
83115
84325
86830
82166
78949
76068
78150
79315
81460
75880
73220
73890
76075
78310
74215
70810
72096
74245
75780
70904
69710
70235
72335
74405
70966
68380
69730
71850
73635
69458
68359
70220
71260
73357
70129
67435
68581
70620
72625
69320
67540
69095
71185
72735
68361
66996
68855
70946
72146
69774
67180
68276
70320
72310
68770
66565
68080
70096
71805
67818
66370
68100
70126
71210
66857
65956
67851
68839
70825
68171
66094
67261
69271
71015
67056
65485
67199
69196
70815
66973
66106
67925
69931
69896
65825
65775
67736
69780
68960
65660
66255
68185
70180
68715
65402
66095
68023
70027
68373
65285
66103
68095
70099
67190
64875
66080
67997
69920
67000
64900
66240
69192
69919
65960
64559
66191
68135
69455
65424
65571
67476
69390
66540
64396
65559
67455
69431
66675
64590
65984
67905
69735
66119
64780
66676
68681
69605
66170
64734
66300
68267
67942
64783
65331
67226
69150
66845
64261
65279
67195
69135
64732
63856
65675
67585
68376
64315
63998
65885
67810
68421
64464
64065
65900
67850
68785
64539
63917
65745
67685
68566
63785
64810
66711
68665
66619
63966
65919
67850
68310
64511
64180
66045
67983
68866
64966
64940
66880
68870
68260
64546
65637
67585
69300
65334
64095
66755
68728
65691
63285
64315
66185
67955
63751
63670
65530
67499
67806
63860
63546
65385
67311
67690
63765
64907
66810
68665
65400
63431
64795
66684
67918
64286
64540
66420
68405
68225
64775
64823
66740
68744
68015
64685
66340
68298
69402
65357
64876
66780
68730
68125
64980
65535
67420
69650
65615
64585
66374
68340
69101
65375
65427
67275
69265
67771
64532
66240
68195
69385
65441
65150
67020
69005
68880
65195
65240
67135
69105
67350
65155
66973
68940
68479
64950
65035
66901
68835
67015
64252
66131
68090
67874
64389
64924
66816
68756
67006
64555
66636
68565
68265
64890
65048
66923
68875
67595
65235
66234
69185
68562
65210
65531
67435
69406
67505
65171
66275
68225
70070
66491
64711
66190
68150
69496
65488
64485
66210
68175
66514
64543
65990
67945
69622
65940
64775
66575
68531
69135
65715
66761
68716
69724
68825
65700
66544
69515
69895
66044
65886
67770
69761
68155
65125
65676
67585
69619
67839
65125
67036
69060
70310
66416
65720
67636
69706
69695
65870
65686
67640
69675
68472
65435
66200
68141
70100
66820
64761
66191
69171
68200
64855
65435
67410
69387
67031
64615
65652
67628
69555
66500
64666
66102
68075
69331
65255
64320
67080
68950
65796
64065
65547
67495
69150
65440
65026
66935
68955
67651
64900
65591
67521
69510
67857
66480
68170
70245
72331
74520
76720
79021
80185
82581
83820
86375
87695
90395
91735
93110
95910
97360
98840
101855
103390
104970
106585
109911
111614
113376
115160
116981
118840
120725
122650
124591
126605
128635
130686
132785
134900
137086
139246
141444
143671
145971
148329
150702
153089
155531
158022
160524
163085
165740
168446
171240
174067
176944
179890
182901
185975
189136
192425
195761
199160
202676
210036
213790
217691
221695
225706
229836
234160
238571
243025
247552
252120
256855
261646
266581
271685
276991
282436
287990
293756
299766
305966
312266
318755
325461
332421
339556
346981
354771
362836
371235
