6914728
5455494
550536
321946
325841
299651
261100
240817
233860
237345
227506
203541
192515
194610
196825
188466
177941
171155
170300
172992
175449
170791
163360
158741
159845
162421
164780
161635
156935
154456
155790
158321
160910
160656
156440
153735
155061
157545
160126
160975
156715
154121
154420
156911
159470
161710
159616
156050
154820
156976
159520
162141
161280
156430
153556
154395
156906
159450
161611
159015
154955
153831
156155
158690
161143
158093
153366
150566
151340
153805
156300
158676
156635
152710
151146
153150
155596
158075
160635
163276
165945
168642
171354
174126
176932
179835
182774
185735
188772
191869
195041
198326
201695
205060
208557
212094
215726
219481
223340
227251
231235
235246
239347
243594
247931
252375
256946
261717
266570
271580
276751
282041
287450
292928
298599
304386
310480
316776
323181
329876
336630
2000010498
107587126
1173408
420191
420717
421371
415091
403820
300751
234196
201110
184741
178115
179571
182660
175671
158635
144902
134940
130624
131726
133890
135840
131900
124096
118170
115425
115696
117501
119325
121199
121171
115435
109485
104911
102370
102715
104281
105935
107610
109130
107381
103180
99565
97600
97815
99277
100809
102395
103956
104275
100665
96950
94296
93065
93855
95280
96755
98242
99639
98795
95726
93246
92009
92400
93795
95246
96705
98225
98895
96302
93574
91601
90661
91440
92854
94270
95690
97101
96590
94335
92455
91605
92201
93580
95015
96500
97986
98685
95895
93270
91621
90892
91763
93141
94565
96025
97465
96801
93690
91400
89965
90075
91372
92764
94185
95585
95810
92981
90745
89470
89405
90681
92055
93455
94875
96041
93925
90936
89209
88670
89711
91090
92490
93925
95226
94210
91711
90044
89226
89935
91305
92700
94140
95516
95115
91985
89705
88736
89495
90880
92306
93695
95140
95535
92780
90446
88915
88460
89445
90845
92241
93695
95055
93985
91261
89150
88185
88995
90341
91730
93130
94505
94405
91786
89820
88531
88514
89718
91073
92445
93840
95011
93230
90186
87979
87335
88341
89675
91015
92380
93771
94090
91685
89630
88245
87991
89125
90470
91865
93266
94455
92990
90295
88536
88117
89138
90485
91890
93271
94580
93810
91365
89437
88375
88954
90290
91676
93090
94495
94310
91375
88876
87290
87400
88645
89996
91365
92760
93790
92007
89729
88335
87782
88608
89936
91321
92729
94160
94311
91730
89425
87915
87866
89115
90451
91824
93220
93952
91769
89390
87900
87437
88380
89754
91140
92530
93923
93663
90892
88504
87095
87360
88635
89970
91321
92685
93592
91788
89426
87755
86985
87675
88992
90354
91742
93143
93211
90510
88065
86530
86705
87960
89281
90625
91965
92465
90381
88340
86950
86655
87636
88990
90355
91730
93100
93321
90845
88401
87004
87536
88850
90235
91590
92986
93610
90985
88590
87105
86596
87510
88845
90225
91616
93015
93600
91370
88750
87086
86945
88140
89475
90871
92285
93667
92833
90086
87975
86500
86390
87475
88801
90160
91545
92885
92541
89960
87776
86404
86720
88017
89389
90740
92125
93191
91420
88755
86892
85704
85975
87167
88460
89780
91124
92445
91895
89245
87116
85660
85530
86715
88020
89311
90675
91997
91384
88689
86831
85495
85365
86430
87706
89040
90402
91788
92115
89801
87255
85576
85614
86826
88130
89445
90830
92096
91110
88210
86215
84841
84825
85966
87234
88552
89884
91250
91710
89020
86256
84500
84325
85480
86761
88099
89426
90765
91400
88975
86496
84760
83980
84695
85985
87287
88634
89950
91156
90055
87150
84855
83880
84595
85856
87140
88455
89795
91156
91445
89075
86780
84906
84430
85405
86730
88040
89351
90685
91752
90088
87216
84855
83735
84326
85589
86846
88170
89475
90745
89841
86715
84635
83440
83371
84490
85750
87042
88360
89723
90651
88621
86031
84313
84346
85561
86879
88190
89511
90825
90660
87820
85870
84541
84385
85450
86755
88070
89416
90790
91725
89310
86131
84170
83840
84935
86202
87504
88845
90172
90538
87781
85635
84220
83875
84810
86066
87335
88640
89982
90834
88785
85950
83925
83575
84702
85974
87260
88565
89876
90170
87650
85510
84327
84114
85110
86410
87720
89032
90354
90960
88455
85845
84101
83890
85020
86300
87600
88936
90240
89850
86900
85081
84076
84164
85330
86636
87976
89329
90635
90220
87636
85415
84260
84905
86180
87476
88790
90110
90830
88366
86060
84895
84625
85545
86826
88121
89459
90801
91229
88606
86115
84495
84647
85839
87126
88449
89787
91009
89840
87100
85531
84714
85076
86320
87625
88960
90285
91481
90275
87401
85299
84616
85610
86905
88215
89521
90850
90790
87695
85576
84275
84135
85180
86460
87800
89131
90430
89650
86745
84631
83945
84870
86125
87441
88770
90145
90780
88301
85905
84260
83560
84260
85521
86830
88185
89526
90409
88521
85865
83970
83595
84691
85945
87220
88530
89845
90216
87575
85345
83895
83485
84296
85546
86819
88140
89465
89661
86932
84400
82768
82886
84081
85354
86636
87919
89096
87995
85445
84000
83166
83585
84786
86049
87380
88676
89815
88575
86170
84471
83795
84700
85980
87280
88611
89930
90375
87815
85696
84470
84291
85316
86583
87866
89190
90495
91330
89146
86010
83700
83305
84371
85645
86940
88245
89546
90494
88492
85654
83825
82845
83261
84455
85745
87060
88382
89709
90131
86979
84045
82271
81885
82865
84105
85377
86664
87995
89220
88290
85655
83802
82534
82600
83716
84950
86230
87520
88830
89480
86831
83895
81970
81497
82473
83696
84932
86183
87472
88514
86730
84250
82615
81882
82624
83865
85140
86440
87765
89046
88315
85265
83040
82196
83000
84260
85505
86790
88106
89385
88620
86015
84170
83011
83185
84305
85555
86836
88160
89500
89935
87656
85150
83531
83579
84760
86041
87330
88630
89905
89707
87064
85145
84075
84150
85291
86575
87875
89180
90467
90179
87160
84661
83389
83821
85080
86346
87654
88982
90164
88955
86230
84575
83446
83770
84965
86235
87515
88826
90070
89095
86030
83841
82910
83680
84930
86190
87516
88835
89775
87605
85216
83660
82965
83620
84830
86086
87381
88714
89895
88356
85200
83125
82680
83685
84931
86231
87530
88839
89285
86741
84780
83525
83395
84440
85706
87000
88315
89605
89601
86945
84495
83150
83571
84791
86059
87375
88695
89981
89105
86325
84806
84049
84501
85765
87070
88385
89691
90955
90115
87105
84935
83941
84705
85970
87250
88551
89845
90630
88000
85430
83911
83350
84171
85414
86705
88031
89380
90580
89191
86360
84255
83395
84165
85410
86711
88005
89355
90425
88376
85400
83696
83049
83816
85085
86420
87750
89075
90216
88875
86080
83985
83295
84166
85405
86705
87995
89291
90435
89020
86340
84315
82801
82715
83735
84980
86290
87576
88885
89410
87200
84915
83216
82770
83780
85025
86266
87575
88890
89480
87255
85047
83434
82555
83030
84241
85525
86845
88151
89444
89226
86940
85040
83770
83865
85076
86375
87675
88976
90270
89755
86970
85012
83554
83395
84485
85766
87059
88371
89700
90965
90190
87151
84420
82925
82995
84180
85436
86741
88054
89381
90009
87321
84555
82620
81792
82358
83577
84844
86130
87415
88651
87846
85044
82935
81770
82061
83255
84490
85760
87015
88251
87745
85175
83570
82836
83300
84505
85790
87101
88440
89770
89770
87045
84556
83090
83215
84440
85700
86996
88320
89430
87815
85311
83801
82935
83529
84791
86085
87401
88734
89785
87751
84841
82971
82338
83255
84491
85755
87035
88335
88895
86476
84435
83285
83115
84116
85365
86652
87963
89265
89186
86740
85080
84080
83971
85111
86379
87700
89030
90306
89615
87236
85599
84521
84710
85875
87145
88455
89756
91040
90265
87215
85036
84080
84775
86047
87353
88686
90015
90390
87900
85820
84511
84170
85115
86405
87731
89080
90440
90625
87902
85389
83885
84025
85225
86501
87815
89140
90220
88800
86556
85080
84415
85060
86315
87616
88965
90315
91171
88805
86060
84355
84026
85159
86466
87795
89115
90365
89361
86475
84820
83785
84002
85199
86490
87790
89090
90356
89746
86745
84384
82955
83281
84510
85767
87028
88306
89325
87670
85550
84320
83882
84729
85995
87305
88635
89946
90720
88385
85500
83741
83600
84740
85985
87305
88601
89900
89475
86775
85091
83980
84050
85160
86441
87705
89015
90310
89845
87137
84994
83585
83740
84960
86221
87540
88815
89780
87891
85610
84021
83174
83765
84987
86244
87565
88855
90120
89561
87170
85185
84045
84476
85725
87000
88280
89601
90620
89160
86895
85407
84544
85045
86300
87580
88891
90220
91495
90605
87895
85756
84440
84800
86090
87396
88690
90035
91356
90734
87976
86125
84871
84824
85985
87286
88605
89955
91300
91711
89230
86775
85145
84655
85596
86865
88157
89483
90836
91275
88540
86446
85120
84685
85525
86815
88120
89486
90835
91646
89554
86831
84850
84280
85287
86563
87872
89189
90515
90585
87852
85960
84769
84640
85700
86986
88285
89630
90955
91262
88549
86015
84575
84580
85811
87130
88445
89790
91116
90380
87600
85950
85020
85386
86665
87955
89290
90625
91576
89590
86700
84600
83956
84915
86155
87420
88725
90058
90168
87780
86030
84975
84981
86065
87365
88670
89991
91220
90061
87134
84947
83914
84615
85880
87151
88450
89745
90182
87649
86006
84984
84796
85794
87091
88400
89725
91055
91055
87906
85315
83940
84245
85490
86746
88045
89335
90420
88825
86466
85250
84825
85620
86886
88176
89504
90855
91210
88096
85405
84170
84510
85726
86995
88305
89650
90881
89670
86990
85630
84880
85511
86785
88105
89460
90796
91477
89059
86235
84470
84065
85130
86415
87696
89015
90180
88895
86460
85125
84421
84980
86265
87575
88900
90221
90930
88652
86123
84526
84220
85320
86595
87897
89179
90455
89705
87040
85506
84845
85445
86700
88016
89385
90750
91555
89000
86056
84255
83980
85115
86396
87730
89065
90370
89965
87311
85705
84955
85295
86545
87866
89225
90590
91505
89276
86530
84952
84733
85885
87191
88515
89870
90941
89150
86676
85320
84809
85575
86876
88190
89490
90785
90886
88190
85555
84210
84491
85735
87030
88325
89630
90787
89539
87255
86016
85529
86221
87480
88801
90155
91530
92135
89596
86664
84870
84756
85915
87202
88498
89826
90980
89547
86934
85359
84481
84930
86201
87494
88820
90131
91360
90450
87696
85631
84219
84475
85705
86990
88281
89571
90785
89604
86826
85110
83945
84100
85221
86510
87860
89185
90512
90439
87895
85465
83910
84276
85520
86790
88100
89410
89931
87530
85625
84595
84475
85516
86790
88065
89385
90721
90825
87985
85186
83890
84400
85630
86920
88225
89531
90750
89780
87165
85415
84231
84380
85520
86820
88111
89415
90565
89285
86585
84536
83635
84410
85665
86966
88260
89565
90367
88290
86094
84705
84231
85069
86316
87600
88940
90310
90490
87811
85430
84110
84332
85554
86845
88160
89470
90202
87464
85020
83740
83390
84095
85306
86585
87875
89190
90031
88070
85500
83585
83116
84115
85370
86630
87920
89212
89634
87410
85655
84552
84294
85245
86505
87805
89150
90456
90451
87789
85625
84311
84350
85565
86875
88200
89526
90615
89055
86731
85290
84566
85189
86470
87781
89105
90445
91360
89410
86811
85070
84605
85682
86948
88281
89615
90882
90273
87801
86180
85065
85040
86085
87396
88715
90040
91360
91161
88340
85767
84293
84790
86056
87360
88680
90025
90686
88545
86695
85435
85210
86241
87545
88855
90195
91567
91679
88830
86350
84961
85025
86255
87555
88865
90171
90980
89015
86920
85500
84857
85509
86765
88065
89431
90810
91270
88340
85786
84295
83955
85050
86306
87590
88905
90100
88895
86470
85097
84546
85250
86523
87811
89125
90455
91365
89425
86461
84460
84141
85260
86534
87852
89160
90484
90201
87895
86401
85291
85373
86515
87841
89195
90546
91899
91786
88770
86085
84485
84516
85710
86995
88295
89607
90914
90270
87355
85505
84276
84295
85395
86685
87975
89297
90584
90086
87329
84980
83291
83425
84630
85905
87182
88484
89600
88410
86341
85186
84564
85126
86384
87661
88960
90290
91320
89321
86165
84010
83665
84755
86016
87295
88585
89895
90262
87969
86185
85090
85120
86226
87530
88870
90215
91525
91211
88225
85460
83960
84351
85615
86900
88207
89518
90266
88245
86340
85085
84761
85630
86916
88229
89581
90925
90745
87787
85403
84096
84510
85755
87010
88310
89636
90670
89200
87041
85725
85131
85944
87230
88525
89861
91185
91425
88385
85906
84645
84850
86090
87385
88697
90014
91015
89345
87311
86125
85820
86651
87939
89281
90665
92060
92045
89281
86915
85555
86132
87398
88721
90075
91455
91695
88986
87085
85950
85860
87010
88321
89665
91035
92346
91300
87895
85700
84915
85667
86960
88259
89595
90965
92011
90145
87690
85990
85381
86215
87510
88830
90186
91520
92275
89570
86520
84808
84464
85569
86860
88141
89445
90745
90350
87825
86340
85432
85554
86670
87980
89326
90676
92014
91845
88716
86245
84775
84825
86041
87330
88655
89995
91235
90211
87775
86430
85750
86386
87681
88999
90360
91715
92397
89734
86825
85150
85330
86596
87905
89261
90599
91596
89810
87385
85930
85540
86526
87830
89175
90540
91861
91225
87790
85385
84585
85376
86670
87956
89269
90596
91265
88790
86696
85724
85756
86905
88205
89575
90916
91975
90135
87315
85586
85125
86220
87465
88780
90121
91280
89915
87465
86090
85751
86626
87904
89240
90591
91916
91229
88095
85566
84485
85285
86545
87835
89176
90515
91885
93265
94691
96150
97615
99120
100651
102235
103815
105415
107046
108695
110370
112100
113876
115690
117525
119411
121296
123204
125156
127140
129201
131285
133390
135550
137781
140020
142305
144611
146970
149365
151806
154315
156836
159440
162040
164757
167509
170286
173180
176145
179166
182246
185385
188645
191972
195345
198795
202215
205761
209425
213191
217041
220915
224961
229077
233374
237815
242331
247016
251875
256866
261871
266901
272171
277685
283361
289165
295161
301391
307730
314211
320907
327835
335231
342756
350455
358616
367161
376131
385231
394651
404162
414095
424606
435352
446296
457649
469585
482260
495460
509227
523591
539157
555297
572340
590627
609916
630763
652886
676806
702762
731187
762367
796522
833632
765882
648062
671542
696621
723982
753357
785662
822667
857287
890457
925913
962952
985142
1039153
1108313
1063174
906822
957041
1014738
1080963
917687
927927
979728
1041097
1113184
1200732
1307179
1440043
