413066
302686
302105
306578
301869
284686
284195
268916
203066
172510
164780
164996
167695
169296
153361
135309
123241
115600
111540
111616
113350
115190
116020
108796
95791
94235
95380
96795
99608
97773
92615
85921
84749
85450
87980
89241
87025
83220
79841
80764
83141
84360
85150
79270
76195
76481
78691
79845
81566
78755
74450
74936
76000
78165
79260
75876
72770
72596
74526
75619
77815
74010
72165
71914
72945
75120
77222
76303
72531
72205
73241
75430
76547
76490
72275
71620
73348
75510
76631
75838
73230
71149
72590
73660
75850
75776
73194
70934
72560
73620
75820
76881
73835
71340
71336
73339
75476
76560
74865
71482
71258
73205
75375
76457
74170
72340
70510
72155
73215
75347
76189
73055
71420
72275
74370
76500
76891
72456
70470
72145
73206
75365
74745
72649
71235
73210
74285
76425
74177
72039
69955
71605
73736
74850
74789
72280
70049
71805
72850
74961
76000
73335
70485
71345
72365
74510
76401
74914
70905
71398
72408
74515
76351
74951
71337
70659
72274
74385
75475
75960
71541
70550
71976
74130
75190
75616
72022
71072
72115
74225
75300
76700
72325
71255
72340
73375
75546
75975
73300
70570
70495
72475
74691
75805
74310
70931
70816
72825
73915
76085
76660
72670
71311
73135
74215
76381
75545
71640
72320
73364
75514
76609
73974
71507
72306
73387
75570
76680
74935
71700
71585
73625
75810
76875
74116
72410
71385
73403
74473
76655
73576
71661
71035
72041
74157
76350
77037
72706
70665
71295
73379
75575
76650
73360
70565
70925
72990
75140
76230
75227
72855
70765
72165
73207
75340
76076
73549
70550
71805
72831
74946
75690
73295
70565
70996
73070
74125
76090
74689
70825
71210
72231
74350
75981
73890
70735
70760
71785
73907
74984
74720
70925
70295
72011
74107
75188
75011
72665
70565
71812
72875
75010
75910
73341
70410
71669
73780
74885
75629
73122
70555
70778
72885
73964
75895
72291
70945
71085
72120
74215
76280
75090
71266
70125
71045
73150
75261
75600
71340
70025
70915
73030
75201
76195
72786
70390
70381
72307
74415
75472
73765
70315
69810
71597
73665
74716
74630
71976
69785
70840
72925
73990
75506
73310
69957
70734
72820
73920
75685
71845
70690
70631
72665
74815
75832
72316
69940
70360
72401
74550
75605
73571
70921
70639
72525
73577
75726
74562
72434
70940
72876
73941
76125
76580
72195
70715
71485
73581
75775
76356
72015
70396
72275
73315
75441
73907
71878
70826
72605
74730
75820
74190
70782
70518
72445
74555
75620
73784
70999
70600
72316
74420
75520
74411
72060
70400
72220
73251
75410
74883
72601
70865
72416
73445
75610
76560
72635
70654
72345
73380
75521
76136
71730
70304
72075
73105
75271
74365
71950
70361
72120
74206
75304
74385
72040
70014
71575
73690
74740
74561
70565
70021
71736
73871
74934
74241
71865
70175
71586
72634
74735
75750
72211
69885
71395
72415
74551
75325
72820
70280
71272
73350
74425
74795
70759
70115
71705
73805
74881
73330
69745
69836
70850
72910
74920
73736
69645
69955
70966
73030
74890
73070
69559
69495
70480
72526
74669
74970
70736
69595
71571
72630
74840
74406
72114
70116
71468
72510
74605
74415
71797
69535
71110
73180
74246
73815
70165
69436
70750
72850
73931
74585
70360
69837
70854
72955
75065
74486
70460
69710
71681
72755
74923
72831
69687
69670
71651
73745
74832
72595
70681
69261
70950
73030
74095
73400
69517
69070
70830
72935
73991
73535
69850
69140
70545
72640
73711
74526
72104
69714
71070
73178
74265
75265
70678
69371
70170
72244
74411
75455
72210
69651
70056
72095
74195
75255
72272
69635
69250
70990
73060
74993
73223
69365
69374
70390
72411
74486
74259
70090
69055
69895
71881
73990
75020
71605
69509
71059
72079
74189
75170
72720
70246
70882
72916
73980
75660
71381
70175
70845
72905
73996
75544
71061
69994
70485
72565
73635
75611
71355
69970
70241
72310
73375
75325
73751
70354
70310
71326
73400
75531
75086
70745
70343
71356
73455
74536
74625
70736
69964
70935
73039
75185
75370
70891
69605
70525
72535
74640
74881
70660
69291
70030
72053
74120
75135
72065
69580
70945
73000
74039
74676
72089
69875
70470
72520
73595
75335
71055
69800
70371
72430
73495
75302
71065
70115
70530
72645
73721
75800
72359
70750
70564
72601
73651
75705
72196
70935
70426
71429
73510
75400
73995
70350
70395
71417
73506
75575
75267
71375
69967
70753
72780
74894
75520
71310
69715
71489
72515
74610
75175
72815
70375
70904
73000
74072
75635
71130
69960
70675
72715
73785
75161
71091
69527
70289
72385
73436
75454
71775
70410
70711
72765
73815
75865
72705
71397
70435
72366
73405
75548
74006
71906
70073
71866
72905
75065
76130
72951
70546
71241
72286
74380
76121
74219
70610
70936
73017
74049
75845
73755
70451
70420
72441
73485
75555
74666
70536
69995
70985
73072
75185
75230
71110
70015
71825
72865
75015
74065
71705
69875
71555
73640
74705
74786
72234
70257
71474
73555
74611
75911
71670
70631
71591
73680
75866
76080
71985
70745
71481
73575
75800
76451
71945
70405
71230
73290
75445
76165
72170
70525
71171
73245
75425
76175
71958
70617
70870
72945
74026
76020
72160
71095
70924
71950
74022
76082
75180
71070
70521
71530
73630
75792
74989
71129
70777
71769
73886
74964
74701
70865
70325
71981
74080
75150
74570
72166
70510
71908
73996
75075
74440
72001
70000
71630
73733
74823
75090
72380
70326
71404
73465
74511
75098
70701
70230
71240
73327
75471
76100
71994
69995
70446
72550
74706
75670
71639
69380
70891
71915
73965
75591
73300
70105
70066
71060
73110
75156
74460
70245
69795
70776
72840
74975
75290
70952
69370
71014
72025
74140
74475
71986
69450
70635
72695
73721
75385
71235
70150
70166
72141
73170
75280
72126
70535
69835
71855
73980
75060
73186
70436
70004
71687
73816
74905
73920
70408
69948
71620
73741
74825
73817
71458
69715
71205
72210
74335
74660
72255
70125
71473
73545
74600
74614
71076
70515
71766
73918
75016
74915
70899
70846
71895
73982
75058
74274
70700
70809
71821
73896
75859
74295
70721
71205
72225
74310
76030
73805
70664
70890
71916
74034
75775
73496
69896
70521
71530
73595
75695
75700
75315
75860
77950
80220
81394
82259
81430
81850
83010
84215
86755
88060
86895
86100
85762
87370
88665
91316
92250
90715
89045
88638
89900
92608
93956
95155
94030
90930
90316
91005
93746
95154
96385
95080
91176
90830
91870
94605
95999
97305
96305
92251
91370
91890
93215
96060
97440
96830
94441
92085
92951
94326
95734
97176
97721
94890
93080
92305
93576
94955
96370
97705
95100
92947
92246
93575
94950
96371
97800
94621
92594
91331
92565
93930
95346
96770
96870
92546
91560
92117
94825
96236
97622
97128
92310
91150
91210
93811
95200
96601
96574
91736
90596
91043
93741
95135
96550
97031
91630
90185
89840
92275
93666
95048
96121
91916
90239
90886
92210
93580
94955
95160
92412
90663
89925
91205
92560
93925
95010
92200
90180
89645
90935
92280
93646
95084
92555
90791
90035
91260
92610
94006
96042
93423
91027
89930
91160
92481
93860
95455
92586
90595
89365
90555
91896
93245
95660
93971
91867
90615
91831
93175
94565
96931
94920
92665
90500
91326
92701
94064
96731
95715
92780
90096
91060
92410
93785
96545
95496
92906
90934
90630
91936
93314
94716
95712
92698
90156
89785
91090
92411
95170
95967
93429
88760
87735
88196
90760
92120
93455
93661
88634
87295
88711
90010
91335
93863
92833
90470
87855
87826
90261
91550
92875
93975
89812
88340
89050
90375
91691
94405
94255
91845
88935
88780
89935
91246
93964
94735
92236
87575
87737
88973
91650
93000
93421
89290
87975
87820
90277
91614
92995
93451
91045
89165
89796
91120
92476
93819
93341
90809
89310
89311
90620
91935
94616
94255
91370
88120
88685
90000
92731
94095
94310
89841
88585
88165
90455
91805
93161
93410
90885
89206
89410
90740
92116
94830
94336
91765
90120
89380
90632
91954
94689
95339
92976
89415
89512
90714
93405
94765
95080
92786
89945
89896
91080
93865
95261
95884
93006
89120
89301
90555
93245
94600
94796
92080
89295
89226
90315
93028
94396
95565
93756
89406
89095
90185
91520
94276
95446
93879
91366
89229
89865
91170
93930
95300
94670
91965
89880
90780
92110
94855
96185
95030
92211
89694
90105
91372
92724
95530
95665
92631
88850
89245
90532
93235
94607
94468
91576
88470
88380
90855
92190
93530
94696
90500
88530
88911
90215
91540
92912
92530
89910
88325
87825
89070
91700
93036
93520
91152
88069
88400
90960
92315
93646
91690
89971
88871
90005
91335
92706
95030
92997
90734
89660
90910
92275
95095
95486
93114
91336
90095
91260
92621
95395
96375
94375
90576
90549
91800
93191
96015
95743
92813
90146
90329
91610
94390
95810
96170
93451
90175
90800
92136
94870
96040
94006
89645
88945
89691
92360
93750
95106
94105
89041
88519
90812
92153
93495
94610
90512
89178
89483
90799
92159
93555
94285
91195
89275
89317
90631
91963
93317
93259
90615
89245
89070
90351
91684
94410
94270
91330
88721
89395
90690
93386
94685
93405
88986
88325
88872
91496
92855
94230
91286
89335
88680
89381
92054
93415
94720
91251
89710
88835
90538
91891
93245
94610
91167
89374
88735
90771
92115
93485
94850
91809
90050
89090
90699
92055
93450
94830
92226
89845
88725
90725
92065
93410
94522
92264
90670
89735
91406
92755
94140
96117
93433
90690
89385
90996
92330
93691
91191
85859
80365
80221
82475
83680
83652
79123
74860
74927
77080
79306
79401
73415
72070
72505
74610
76801
76944
71550
70396
71374
73461
75535
71910
70351
69710
71670
73805
74845
71655
69195
70550
72625
73665
73715
69621
68699
69646
71675
72711
74035
69711
68790
70716
71765
73865
71196
69625
68905
70824
72935
74546
72224
69020
69580
71570
72626
74300
70141
68899
69565
71555
73691
74626
70765
69151
70825
71830
73920
74826
71040
69165
70625
71620
73690
73395
69825
69445
71126
73200
75106
73301
69690
69780
71770
72816
74900
71511
69985
69799
71830
72886
74995
71660
70326
69890
71885
72917
75016
72170
70490
70100
72114
73150
75131
71170
69950
69864
71895
72935
75025
72000
70260
69715
71720
72745
74840
71326
69197
69423
71386
73470
74526
72263
69395
70355
71361
73455
74905
72485
69610
70090
71075
73166
75080
73360
69705
70149
72180
73232
74873
70680
69570
70047
72115
73175
75165
71326
69934
70073
72070
73110
75161
71472
69979
69600
71622
72669
74800
73130
70986
69605
71421
72440
74570
73430
71021
69035
70520
71555
73685
74930
72335
69500
70394
72451
73534
75375
71436
69927
70453
72504
74636
75415
71184
69795
71580
72610
74736
73730
71495
69815
71345
73460
74535
73654
69985
70106
71101
73149
75116
73635
69995
69690
70675
72746
74820
74280
70196
69755
71760
72780
74855
74586
70485
69595
70450
72491
74605
74490
70085
69381
70361
72420
74516
74635
70636
69766
71675
72725
74875
72450
69740
69770
71679
73775
74856
73046
70185
70597
71594
73676
75150
72835
70104
70894
71910
73986
75370
72875
70336
71120
73191
74256
75545
73230
70501
71655
73748
74822
75275
71380
70515
71646
73710
75850
75716
71285
70375
72390
73450
75570
73731
70358
69860
71576
73657
75616
74035
70160
70173
71185
73256
75375
75185
71070
70125
71060
73131
75255
75890
71531
69900
71640
72672
74790
74615
72095
70061
71555
73621
74665
74395
70205
69575
71170
73245
75167
73304
69395
69339
71360
72410
74520
74336
69940
69655
71675
72725
74770
71747
70189
69520
71501
72545
74701
72619
70550
69407
71250
73320
74410
73030
70870
69460
71142
73224
74270
73930
69871
69280
70925
72992
74043
75410
70880
69036
69784
71770
73839
74065
71505
69241
70540
72617
73685
75236
70900
69620
69439
71460
72520
74516
70920
68486
68760
70705
72740
73792
72596
69175
68936
69915
71969
74025
74211
69941
68735
70611
72635
73685
74771
70695
69426
70226
72300
74400
75362
71674
69480
71016
72050
74155
75215
72592
69780
70340
71387
73460
74790
72201
69080
69745
71755
72816
74095
69660
68801
69305
71300
73351
74330
70967
68642
68904
70884
72974
73996
71030
68700
69661
70670
72724
74598
72751
69225
69460
71510
72555
74565
70726
69425
68925
70889
71955
74107
72082
69247
69023
70815
72865
73905
72793
69701
69340
71005
73066
74141
73823
69980
69895
70895
72986
74040
74715
70685
69776
70720
72790
74926
75035
70754
69700
71630
72665
74817
73150
69681
69079
70686
72740
74820
74390
70034
69300
71285
72330
74500
73205
70770
69165
70635
72684
73766
74626
70480
69595
70535
72585
74720
75096
70576
69179
70976
72006
74132
74040
70046
69695
71470
73586
74640
74640
70591
69830
71025
73085
74151
74915
70535
69651
70830
72860
74966
74560
70700
69815
71705
73770
74825
72770
69535
70093
71108
73165
74980
73021
69765
69705
70715
72771
74815
74105
70035
69410
71295
72320
74420
72140
70506
69698
71595
73690
74759
72495
69511
69315
71135
73205
74221
72650
69495
69086
70806
72850
73941
73650
70200
69740
71261
73325
74395
73236
69795
69860
70891
72970
74010
74225
70285
69705
71145
73185
75070
73330
69996
69955
71947
72984
75070
71405
69515
71026
72049
74181
75240
72585
70150
70840
71835
73957
75044
72624
69918
70876
71910
74060
75960
73920
70110
69800
71849
72920
74951
71134
69935
69840
71875
72922
75060
74500
70695
70205
72218
73291
75422
72201
70795
70570
72604
73656
75790
72348
70856
70410
72455
74571
75625
72460
70226
71440
72450
74546
75600
72720
70064
71059
72085
74170
75501
72845
69995
70816
72885
73935
75961
72366
71146
70440
72446
73509
75595
72211
70250
70835
72916
75065
76000
72186
70229
71455
72490
74590
75470
71176
69449
71121
72140
74241
72925
70627
69026
70590
72619
73655
73085
69392
69350
71420
72459
74474
71105
69770
69135
71130
73195
74210
71606
69095
70036
71044
73157
74375
71950
69400
70053
72104
73150
74952
70971
69820
70275
72320
73400
75395
71675
70386
69965
71976
74108
75168
73875
69990
69391
71145
73212
74248
75335
70665
69051
69810
71844
73945
74935
71685
69295
70360
72420
73490
75186
70854
68636
68970
70923
72980
74032
71850
69020
69680
70671
72720
74591
70575
69306
68685
70625
72680
73700
71666
68970
69651
70679
72710
74466
72329
69000
68960
69960
72015
74080
73835
69811
68985
70906
71959
74070
72329
70321
69015
70680
71686
73755
74666
72019
69686
70635
72702
74823
75213
71050
69581
71375
72415
74571
73489
69977
69498
71171
73290
74360
73192
69840
69735
70695
72745
74881
74920
70670
69890
71780
73832
74898
72224
69800
70590
71631
73715
75345
73081
69950
70360
72390
74505
75255
70990
69539
71145
72165
74301
74280
71685
69591
71040
73111
74189
74280
70452
69818
71105
73188
75326
75090
71214
70692
71704
73825
75897
74760
70930
70025
71951
74046
75090
72160
69585
69685
71662
73770
74850
71760
69187
70181
71205
73300
75090
73020
69656
69880
71905
72940
75001
71540
69980
69176
71144
73201
74240
72160
69621
70083
71088
73155
74925
72910
69965
69920
70930
72995
74901
73445
69960
70236
72279
73315
75316
71628
70569
70255
72296
73370
75455
71586
70115
70025
72060
73091
75025
71260
70245
70264
72285
73335
75375
71680
69356
69625
71620
73715
74711
71399
69065
69961
70959
73055
74856
73120
69765
70155
72220
74326
75204
71395
69640
70149
72181
74285
75335
72370
69800
71012
72049
74170
75006
72509
70164
70963
71960
74036
75265
70667
69629
70340
72355
73435
74746
70956
70199
70800
72880
75025
72940
71010
69850
71735
73846
74924
73696
70315
70325
72422
73478
75465
72081
70705
70465
72536
74647
75683
72433
70115
71002
72043
74140
76266
76314
75930
76700
78929
81295
82500
83675
84396
84570
85926
87191
88479
91151
92475
92150
90540
89535
90481
93175
94560
95953
96930
94781
94224
94231
95290
98191
99670
101090
100705
97061
96615
97595
99035
102010
103451
102935
101030
99750
99411
100860
102386
103951
105499
106250
101927
100669
100925
102395
103925
105486
107625
105495
103261
101650
101140
103745
105290
106815
107232
104784
102125
100756
102230
103805
105385
106906
107486
105361
101645
100985
101970
103511
105070
106625
107350
104951
101455
101575
103031
104605
106220
107830
108061
105470
102216
101765
102830
104320
105876
107480
108640
106535
101910
101515
102700
104241
105790
107375
108640
103671
101454
100055
100261
101700
103250
104840
106215
103149
100661
99600
100235
103260
104800
106345
105855
102986
100785
99171
100415
101900
103420
104985
105556
100391
98969
99271
100735
103787
105324
105232
102708
100666
99280
100250
101751
103300
104855
105740
103261
99340
99445
100871
102395
105531
105509
103185
101252
99874
100855
102340
103890
105446
106080
103495
99696
99770
101160
102641
104170
104945
102476
100690
99670
99925
102815
104350
105901
106725
104295
101960
100670
102045
103570
105141
106680
104751
102596
100994
100505
101595
104640
106222
107029
104335
101865
100572
102130
103680
105216
106775
106875
104395
100961
100870
102175
103705
105246
106802
106889
103655
100115
100820
102311
103810
105355
106855
103370
101240
99891
100000
102905
104480
106026
106061
102999
100680
100090
101565
103060
104571
105942
102697
100984
99822
99950
101283
104350
105796
104240
100290
97705
96795
99270
100745
102220
101356
95676
94805
95410
96780
99661
101095
100595
97291
94011
94700
96090
97475
98895
99080
96720
95126
94695
96070
97510
98961
100416
97419
95206
94110
96025
97462
98894
100362
99654
97030
95235
94396
96400
97865
99360
100811
100570
94866
93734
94326
97176
98639
100081
100355
95454
94025
93625
96206
97646
99129
100505
99410
94580
94230
95411
98305
99746
100715
98370
95645
92955
93616
94965
97787
99199
98745
95655
92441
93244
94632
96040
98835
98035
95060
93346
91906
93089
94466
97296
98494
96826
93905
91931
93100
94480
97360
98645
97076
92441
91320
91475
94025
95395
96801
97972
93291
91870
91791
94369
95761
97170
98165
93470
92090
91986
93334
94711
96100
97701
94931
92879
92015
94020
95385
96800
98205
95640
93275
91730
92174
93505
94895
96316
97725
94945
92475
91740
93010
94395
97230
98267
96248
93647
91130
91555
92845
95590
96990
97467
95009
91855
92077
93364
96235
97685
97876
93445
92185
91666
93855
95202
96594
97975
94055
92130
91406
93765
95150
96562
97864
93979
92161
91135
92610
93995
95406
96850
96025
93446
91760
93043
94421
95810
97240
94915
92582
91098
91221
92545
93895
96686
96645
93605
91450
90930
92255
93610
96371
95690
92705
89696
89864
91090
92421
95179
96311
94349
90159
90165
91410
94136
95506
96644
92451
90910
90737
92058
93450
94850
96451
93610
91610
91496
92855
94255
95710
96662
93644
91850
90830
92315
93740
95195
97720
95529
93010
91915
93190
94620
96131
98520
96165
93890
92191
93254
94711
96195
98995
97106
94285
92356
93604
95041
96507
98656
95676
93309
91980
92390
93811
95270
96750
98001
94725
92350
91595
92960
94365
94006
87935
81715
80810
82930
84195
85388
81247
76385
77365
78471
80770
81390
75534
73055
74607
75689
77920
75891
73020
70944
72703
74794
75850
72349
69300
70165
72225
74310
74760
69925
68536
69375
71402
73520
73176
70804
68805
70229
72255
73310
73661
69554
69100
70070
72095
74215
71587
69953
68910
70766
72846
74541
72324
68945
69664
71693
73780
74290
70241
68990
69785
71790
73855
74495
69760
68526
70355
72401
73449
72785
69176
69321
70315
72398
74410
72965
68790
68926
71005
73100
74090
70280
68749
70285
71306
73385
73963
71285
68851
70170
72230
73266
74365
70040
69246
70140
72194
74325
74641
70155
69235
71185
72260
74456
72897
70883
69391
71065
73160
75011
73370
70140
70710
72821
73909
75685
71760
69972
70584
72681
74907
75418
70881
69782
71786
72869
75075
74621
72094
69535
70621
72805
73911
75130
70135
68916
70865
72966
74046
74105
70042
69195
70127
72212
74296
72550
70405
68910
70660
72675
73720
73380
69715
69561
71530
72570
74646
71470
69430
69760
71825
73915
74895
71256
69071
70395
72422
73473
74915
70376
69295
69945
71972
72994
75060
71885
69290
70076
71091
73170
74225
72854
69330
69645
71675
72710
74810
71926
70199
69015
70905
73023
74093
72803
69181
68820
70565
72660
74760
71435
70085
69345
71240
72295
74421
72485
70425
69001
70804
72880
74871
73845
70080
69260
71125
73216
74279
72566
69160
68731
70456
72520
73565
73560
69860
69540
71551
72586
74654
71191
69595
69305
71275
73335
74370
72085
69275
69577
70553
72581
74495
73010
69256
69280
70265
72308
74410
74301
69895
68690
70607
71643
73781
73185
69470
68867
70490
72525
74491
73145
69300
69114
71120
72150
74275
72062
70144
69070
70959
73040
74090
71669
68895
69478
70470
72530
74216
72174
68646
69245
71271
73380
74356
70860
68645
68785
70730
72825
73871
71805
68755
69539
70550
72599
74156
70105
69196
69659
71679
72715
74685
70990
69086
69461
71476
73535
74580
72055
69296
69616
70615
72666
74680
73806
69460
69105
70075
72095
74206
72095
70385
68985
70610
71651
73867
73576
69732
69119
70645
72781
73875
75440
71181
69335
70825
71910
74121
73914
70083
69388
70842
73046
75190
74655
70528
69150
71070
73260
74351
73175
69739
69400
71315
73485
74575
73968
69995
69010
70990
72080
74285
71964
70090
68845
70696
72790
73822
73981
70010
68810
69496
71540
73630
72321
70084
68130
69725
71771
73855
74785
70980
68436
69397
71415
72430
74029
69370
67600
69216
70220
72250
73905
70301
69220
69140
71126
73210
74267
71780
68865
69622
70683
72826
74855
71455
70140
69720
71814
73997
75089
72379
69070
69900
70927
73060
74860
72880
69752
69975
72047
73123
75027
70795
69480
69801
71885
74050
74941
70780
68985
70551
71570
73685
74879
72125
69170
70181
72255
73342
74709
70520
69500
70209
72225
74325
74910
70385
68825
69580
71626
73725
72585
70415
68865
70480
72625
74722
73559
69495
69360
71454
72510
74666
71610
69400
70670
71717
73890
74865
72080
69315
70481
71510
73695
75076
72575
69970
70617
72731
73810
75660
71171
69495
71249
72269
74385
74038
71555
69750
71365
73506
75647
74683
70311
69816
71821
72870
74980
72005
69611
69330
71131
73245
74340
72905
69575
70115
72115
73159
74896
71045
70155
70286
72324
74425
75358
71290
69245
70712
71769
73885
74730
71926
69600
70355
72396
73465
75105
70631
69520
70115
72175
74256
75181
71325
69460
69995
72046
74166
74116
71499
69226
70635
72717
73774
73485
69432
69005
70989
73037
74068
71560
68715
69650
70655
72666
74506
70495
69330
69467
71498
73626
74671
72036
69680
69919
71884
73955
75020
73043
69866
70215
71231
73313
75331
74033
69971
69620
71595
72631
74680
71605
69256
69201
71072
73165
74200
73198
69545
69525
70520
72610
74745
75225
70906
69005
70700
72766
73821
73490
69515
69160
71130
72155
74240
71390
69031
69850
70840
72885
74315
69942
68848
69510
71525
73560
74315
70340
68905
70535
72596
73644
73830
69620
68915
70280
72351
74435
74010
70301
69690
71675
72720
74820
72085
69289
69265
71160
73195
74436
71994
69314
70041
71035
73130
74781
72465
69130
69420
71447
72468
74500
71060
68906
69924
70921
72995
74000
69635
68605
69490
71536
73655
74395
70346
68789
70525
71526
73620
72725
69136
69265
70245
72260
74260
70915
68821
69110
71094
73174
74200
69641
68565
69526
71530
73555
74446
70855
68495
69466
70450
72470
73980
69481
68379
68631
70656
72710
73735
71875
68658
68470
69451
71490
73590
70911
69185
67865
69665
71672
73736
73615
69295
67580
69229
71233
72241
73177
68900
67611
68481
70471
72495
73610
69390
68051
67858
69815
71870
73605
71911
68505
68550
70531
71560
73705
72131
68944
68346
69910
71925
73996
74269
69916
69015
70930
72980
74996
74044
70435
69540
71445
72471
74570
73111
69991
69631
71450
73536
75436
73969
70485
69968
70885
72970
75092
75019
70720
69871
71859
72875
74971
73520
70692
70068
71630
73733
74805
74114
70511
70695
71726
73813
75615
73901
70590
70545
72555
73610
75703
75486
71246
70450
72496
73535
75700
73744
72205
71090
72945
74036
76220
73955
71661
69889
71772
73849
74915
72753
70015
70465
71470
73535
74855
72210
69111
69974
72005
73062
73931
69635
68930
70871
71905
73985
71769
68991
69224
71225
73290
73910
71271
68950
69955
71965
74021
74426
70040
69080
69995
72090
74205
72563
70565
69055
70890
72935
73991
73151
69550
70301
72355
73395
74806
70761
69771
70664
72725
74846
75505
71057
69735
70641
72695
74780
72120
69390
69216
70992
73066
75025
73301
69656
69956
72015
74121
75075
71097
69371
69842
71872
73920
74480
71665
69090
70425
72480
73515
74766
70395
68853
69659
71620
73689
74440
70195
68535
70304
72327
73343
72715
69106
69010
71025
73075
74086
70733
68390
69760
71800
72841
73795
69586
68576
70430
71475
73566
71850
68349
68029
69805
71830
73756
72255
68747
68589
70600
72670
73695
70946
68265
69250
71295
73393
74045
69805
67955
69475
71481
72504
72500
68551
68355
70365
71411
73480
71690
68841
69350
70350
72338
74370
71001
69379
68895
70891
72953
73996
75582
75183
75704
77605
78710
81010
83156
82824
82336
83435
85942
87213
88491
89545
88142
87444
88015
90626
91940
93285
93051
91345
90435
91781
93155
94560
97205
96141
94125
92215
92961
94330
97170
98586
98475
96000
93505
94212
95624
98531
99945
99360
96940
94561
94814
96120
97541
100445
100215
97410
95491
95070
96485
97946
99405
100905
98395
96499
95305
96406
97805
99240
100695
99614
97515
96120
97255
98730
100230
101696
102745
98412
96951
96253
96940
99791
101275
102647
101168
98336
95666
96604
98051
101057
102334
100675
97920
95315
95748
97088
98540
101476
101179
98591
96851
95894
97780
99225
100702
102146
98767
96929
95730
95715
98331
99785
101250
101796
99345
95580
95672
97029
98465
101423
101303
98520
96450
94981
96125
97510
98940
101305
98855
96440
94854
96095
97545
100494
101280
98790
96451
94212
94868
96216
99105
100470
99331
96727
94556
95474
96876
98315
101166
100005
97375
95695
94814
96095
97540
98990
100996
98344
96130
94886
96250
97710
99176
100973
98317
96221
94825
95286
96674
98135
99595
98841
96365
94640
94190
96650
98090
99565
100751
96730
95175
94647
95943
97365
98836
100496
97989
96096
95570
96945
98406
99865
101302
98581
96435
95030
95980
97400
98825
100290
99205
96531
94854
94436
95475
98340
99816
101015
99330
95156
94110
94360
97047
98494
99955
100365
95895
94555
94685
95991
98837
100273
100970
98722
95115
94430
95091
97890
99361
100710
99620
97160
94706
95515
96885
98290
101115
100265
97615
95826
95025
96381
97769
99215
100680
98686
96440
95245
97036
98460
99905
101360
101936
96423
94645
93996
95045
97882
99329
100691
99604
94030
93265
94200
97016
98490
99970
100620
95664
93935
93105
95020
96455
97915
99463
96785
94411
93215
95004
96410
97840
99641
96764
94655
93346
93945
95320
96741
98185
98246
95375
93575
94149
95516
96980
98425
97700
95116
93570
93071
94415
95855
98761
98130
94805
92610
92351
93720
95115
97930
97230
94420
92850
92050
93310
94696
97535
98230
95540
92896
91577
92843
95641
97060
97490
94315
90840
90322
92526
93871
95275
96664
93506
91220
90305
92126
93466
94864
96186
93356
91579
90361
91465
92830
95622
96799
95075
92135
89986
91072
92388
95146
96495
95926
92971
90021
90131
91323
94041
95420
96650
95191
90495
89930
92241
93595
95005
96400
93225
91355
90030
90720
92041
94815
96161
95155
92412
89951
90735
92080
94865
96301
96385
93925
90790
90467
91453
94130
95550
96825
93075
91360
90725
92656
94025
95415
96880
94146
91930
90335
91336
92705
95461
96785
96065
93185
89906
90531
91864
94632
96034
96115
93415
90060
89890
92331
93679
95080
96340
92071
90180
90459
91801
93155
95895
95836
92965
89875
89855
92420
93780
95190
95475
92665
90690
90195
91532
92888
95731
96425
93600
90021
89395
91555
92895
94289
95086
92205
90166
89294
91191
92560
93905
95315
93526
91405
89500
90316
91640
94427
95829
95715
92670
89200
89652
90954
93665
95076
95810
90801
89341
88645
89899
91246
93960
94645
92411
88800
89085
90335
93001
94385
95012
92589
89000
88435
89365
92016
93369
93988
90664
88279
87245
88516
89830
91551
86630
79905
78601
80159
82545
83530
76371
73935
73470
75631
77860
78045
72445
70916
71190
73275
75409
75515
70025
68806
70770
71776
73879
70560
68202
69289
71325
72375
73435
69035
68310
70240
72311
73354
70736
67995
68672
70709
71755
73615
69110
67335
69021
71010
72026
73410
69070
67440
69126
70126
72156
71690
67673
67133
68745
70767
72806
70085
67356
67730
68705
70705
72636
69635
67185
67355
69265
71260
73143
71568
67887
67016
68875
70900
71950
71576
67680
67492
69476
71510
72495
70766
67500
67133
68061
70020
72060
70470
68434
66755
68475
70461
72491
72669
68486
66920
68540
70535
71549
73035
69011
67460
69175
71180
72225
72865
68765
67325
69063
70050
72090
72045
68065
67420
68860
70825
72910
71069
68295
68411
69404
71415
73395
69889
67680
68046
70030
72095
73125
68990
67730
69525
71590
72630
71761
67920
67987
69950
72011
73009
69884
67715
68606
70591
72665
73506
69656
67765
69295
71315
72357
73500
69087
67715
69516
70524
72626
72545
68534
67810
69194
71159
73245
74135
70235
67836
68900
70875
72906
73555
68960
67036
68621
70575
72607
72855
68380
67036
68760
70730
71755
72419
68025
67445
68400
70390
72405
70786
67791
68101
69095
71079
73097
69825
67356
68525
69486
71491
72185
68155
67395
68255
70230
72270
71267
67581
66996
68535
70495
72516
69545
67444
68379
69354
71375
73119
69020
67240
67807
69755
71783
72676
70190
67660
68317
70296
72384
73100
68961
67258
68920
69891
71960
72276
68551
67610
68671
70661
72740
73170
68454
67342
69220
71211
72251
72145
68764
68050
69855
70850
72911
70065
67345
68185
70175
71212
73200
69791
67600
67745
69635
71662
73331
68720
67756
68745
70740
72780
70941
67890
67445
69071
71064
73078
72282
68010
67385
69287
71260
72285
71400
67950
67521
68449
70461
72530
71029
68959
67215
68911
70916
72970
72810
68820
67460
69227
70228
72326
71620
67869
67815
69795
70836
72906
70057
67590
68195
69190
71260
73281
69560
67499
67969
69947
71955
73411
69270
68280
68215
70169
72190
73205
70239
67665
68645
69646
71680
73600
69951
68679
67850
69696
71717
73211
70949
67646
68224
70166
71170
73235
70380
67829
67936
68889
70870
72905
69565
67115
68400
69380
71362
73210
69362
68183
67505
69335
71350
72351
71085
67741
67745
69695
70695
72701
69925
67545
68126
70065
72120
72980
69050
67235
68746
70745
72814
73370
69331
67634
69086
70080
72105
72535
68036
67109
68180
70202
72255
71770
68080
67255
69136
70125
72145
71682
67806
67480
68435
70386
72420
71799
69625
67496
68354
70326
72350
73150
69265
67695
69375
71396
72405
72710
68685
67754
69515
70545
72609
71985
68242
68246
70200
71190
73256
70780
68005
68449
69400
71400
73356
69714
67591
68055
70040
72105
73351
70890
68140
68380
70375
71395
73330
69297
67240
68586
69571
71650
73361
71291
68205
68150
70102
71129
73198
70650
67761
67645
69528
71572
73550
72295
68540
68130
70090
71077
73106
71075
67855
68375
69375
71379
73356
69865
68580
67901
69810
71841
72866
71100
67990
68636
69635
71660
73680
70555
69045
67805
69496
71525
73346
71540
68080
67855
69826
70825
72905
71870
68452
67534
68740
70741
72768
71255
67752
67248
68890
70886
72955
73730
69964
67596
68585
70566
71576
73209
69021
67315
68971
70941
71940
73635
69696
67480
68581
69560
71590
73385
69285
67970
68102
70090
72166
73217
70655
67921
67875
69830
70851
72870
70580
67557
67445
69280
71306
73301
72499
68660
67704
69460
71466
72495
71430
67701
67785
68762
70765
72820
71855
69655
67326
68325
70285
71285
73188
69250
67195
68545
70545
71575
73396
69694
67685
68826
70839
71880
73492
69127
67490
68155
70106
72130
73317
69140
68140
68317
70298
72389
73400
69725
67415
68648
70645
71655
73410
69529
67677
67923
69835
71864
72890
70880
67815
68190
70181
71201
73225
70450
68006
68416
69399
71401
73370
69685
67596
68155
70104
72116
73160
71685
68318
67740
69641
70659
72691
70785
67650
67381
69164
71140
73111
69776
68584
67905
69825
71865
72905
71685
68279
68905
70935
71965
73920
70550
68390
68305
70150
72180
73565
71010
67951
68780
70730
71740
73615
69930
68040
68865
69845
71866
73730
71894
68415
68635
70627
72721
73800
72040
69171
69010
70007
72040
74135
70805
69045
68266
70235
72281
73330
72220
69113
68726
70660
71665
73696
71035
68100
68055
69949
71990
73027
73835
69785
68290
69960
71986
73004
72835
69045
68793
69781
71794
73912
72476
69267
68857
69819
71870
73995
70797
69254
68725
70725
72745
73795
72426
69315
68985
70907
71929
74030
71381
68780
68886
70799
72864
74880
73785
69946
68820
70710
71730
73785
72159
69820
68240
70010
72051
73091
73570
69660
68365
70159
71145
73216
71410
68035
68510
70490
71487
73495
70442
68220
69186
71183
72193
73561
69650
68901
69839
71890
73990
72459
70575
68822
70135
72200
74178
72968
69260
69270
71291
73390
74450
71635
68836
69500
70500
72590
74275
69706
68463
68990
70985
73050
73986
70320
68200
69225
71230
72260
73826
69400
67981
68790
70790
72855
74185
71995
69095
69361
71355
72380
74310
70305
68480
68985
71035
73140
74705
72451
69145
68975
70956
73045
74060
70611
68050
69246
71255
72280
74274
70830
68485
68295
70131
72150
73470
70965
68000
68730
70700
72749
73680
70225
68200
69380
70375
72455
73575
69070
68091
68994
71010
73046
73745
69800
68167
69595
70585
72645
73175
70701
68310
69599
71625
73718
74171
69915
68305
69881
70890
72982
73506
70926
68380
69535
71580
73658
74419
70470
68155
69606
71645
72650
73655
68921
67610
68455
70391
72425
73630
71340
68705
68794
70785
72900
73920
70400
68215
69568
70580
72666
74134
70256
68455
68970
70960
73046
73350
70792
68625
70050
72100
74166
74515
70610
69030
69651
71645
73767
72146
69070
68840
70676
72739
74515
72630
69399
69245
71175
73240
74205
70500
68550
70145
72160
73190
73020
69590
69185
71130
72151
74220
71150
68771
70025
71005
73085
73565
69686
68870
69930
71935
74021
74236
69680
68655
70571
71600
73735
72140
69990
70155
72112
74200
76370
77480
78320
78630
80691
81870
84305
85545
87270
87010
87025
88551
89865
92560
93921
95285
95940
95035
95606
96960
99831
101280
102770
103480
102461
101235
101890
103331
104855
107982
109274
107945
106370
105550
105767
107269
110506
112140
113270
111530
109556
108010
107580
108707
110334
113701
115070
113450
111356
109725
109750
111255
112900
114586
116315
117510
115567
113609
111656
112820
114565
116340
118175
119851
118315
115341
113185
112665
113970
115682
117409
119165
119930
116616
111671
111120
112525
114201
115939
117721
117485
114567
112214
111380
112732
116146
117890
114440
111390
109620
109850
111468
113173
114940
116686
117030
113975
111396
109955
112049
113745
115510
117135
116031
112925
110795
109680
110061
111670
115076
116646
114989
111891
109906
109119
110187
111823
113526
115265
116070
113396
108500
107821
108995
110670
112340
114051
115430
113365
108620
108535
110000
111696
113355
115055
115696
112690
109930
107905
108480
110110
111785
113486
114460
111590
108581
106835
106775
108216
109835
113171
113450
110365
107885
106240
105786
106996
108600
110239
112916
110234
107421
105805
105815
107311
108945
110610
112296
112944
109946
105395
104561
105355
106935
108580
110216
111650
107101
104985
104205
105150
106751
108342
109963
111465
107180
105360
104072
104164
105615
107222
108844
110499
107705
105581
104295
104610
106075
107677
109304
110955
108186
106144
104766
104335
105430
107030
108655
110291
110985
105441
104077
104158
105580
107166
110361
109589
106566
104535
102936
102424
105025
106610
108245
108913
106163
103490
102159
103595
105135
106696
108255
104942
102664
101040
100690
101840
104900
106481
107929
106611
103520
100482
101499
103035
104550
106101
106567
103439
101100
99331
98814
101336
102854
104390
105550
103322
100644
98086
99005
100550
102065
104511
101615
98695
96901
96420
97720
99166
100647
102118
99830
97075
95525
97025
98455
99915
101375
98020
96090
94886
95800
97235
98650
100111
100615
97410
95296
95247
96633
98071
99510
101010
98721
96730
94846
95764
97151
98575
101441
100605
97831
95904
96171
97579
98990
100451
101846
97879
96175
94936
96081
97520
98955
100420
101790
97945
95870
95210
96105
98945
100415
101825
100916
96295
94841
94530
97041
98469
99956
101295
96821
95015
94355
96637
98059
99537
100943
97286
95662
94534
95634
97050
98490
99905
101241
97412
95533
94816
96915
98355
99801
101195
97640
95951
94815
96145
97595
99056
100530
99766
96850
95166
94789
97290
98740
100176
101456
100024
95885
94752
94759
97341
98765
100210
100880
98125
94075
93940
95190
96601
99475
100760
99195
96441
92895
92656
93760
96555
97950
99231
95230
93280
92316
94229
95610
97021
98462
97155
95161
93520
92740
94021
95415
98276
99329
97036
92639
92285
93406
96192
97603
98981
97970
93225
91941
93055
94425
95861
97270
97918
95112
93079
92585
93966
95360
98181
98479
95821
92235
91641
92590
95376
96819
98246
94851
92524
91351
91685
94405
95816
97235
98170
93721
92180
91372
93396
94785
96215
98155
95436
92925
91735
93016
94390
97214
97992
95734
92200
91481
92150
94885
96325
97731
97580
92709
91601
91945
94621
96025
97440
97760
93246
91940
91510
93860
95221
96640
98045
94759
92600
91637
93654
95050
96517
94726
89840
84845
84325
86550
87805
89960
86040
78295
76711
78335
80597
81743
80329
74756
73255
74035
76145
78366
78785
72530
70266
71090
73175
75299
74735
70376
69495
70395
72400
74522
72545
68790
69411
70410
72420
74325
70295
69035
68860
70795
72845
73875
71101
68470
69630
71619
72655
74480
70460
68325
69616
70615
72675
74026
69616
68675
69571
71615
73725
73571
71064
68765
69471
71488
73570
74240
69975
68320
70037
72065
73096
73911
69855
68500
70086
72096
73125
72810
69055
68926
70969
73066
74080
72175
69324
69376
71365
72381
74251
70326
68543
69140
71116
73179
72689
70150
68270
69395
71401
73535
73866
69371
68226
70141
72205
73966
72115
68875
68950
70965
73066
73384
70459
67957
69174
71160
73216
71330
69350
67924
69315
71287
73320
74035
70145
67936
69505
71506
73586
74340
70135
67675
68385
70377
72415
73390
70015
67416
68680
70645
72681
73515
69915
67520
68760
70735
72806
73665
69580
67616
69305
70290
72275
73790
69990
68050
68739
70715
72776
73626
70992
68126
69195
71200
73260
74205
71110
68260
68896
69890
71930
73601
69296
68000
68410
70440
72465
73455
70729
68055
68100
70051
71055
73100
70830
67735
67570
69400
71400
73420
72842
68776
67360
68960
70970
72006
72495
68150
67045
68920
70951
71980
71530
67976
67520
69455
71446
73122
71098
67860
68195
70160
72193
72295
69740
67661
68685
70660
72696
73555
69430
67475
69031
71025
73062
72754
68650
67755
69571
71599
73467
69367
67380
68876
70855
71860
72276
68442
67775
69635
70636
72710
71260
67913
68125
70080
71080
73145
70505
68025
68530
70531
71559
73494
69425
67551
69030
70030
72081
73615
69347
67150
68390
69375
71406
72941
68589
66800
67471
69390
71394
73250
69495
66966
66940
68745
70745
72744
71965
67820
66700
68544
70515
72522
72819
68583
66295
67585
69520
71510
72246
68335
66333
67746
69730
71740
71565
67485
66195
67981
68960
70940
71690
67470
66562
68410
70395
71385
71902
67831
66433
68256
70250
72250
69661
67945
66720
68581
70577
72600
70356
67203
67106
68066
70080
72140
70276
66857
66398
68060
70044
72105
71268
69191
66800
67834
69811
71865
71225
68916
66750
68255
70256
72255
73165
69802
66949
67500
69441
71440
70737
67051
67215
68205
70170
72165
71184
67715
67340
69280
71256
72277
70688
67255
67550
69491
70500
72539
71126
67979
67750
68695
70726
72816
70825
67666
68385
69360
71379
73371
70515
69030
67926
69855
71875
73741
72210
68140
68250
70239
71280
73343
71305
68111
68101
69081
71070
73155
73371
69115
68170
70111
72167
74097
72825
69107
68379
70291
72325
73360
71235
68165
68765
70770
72800
73732
70225
68195
69170
71187
72204
73830
69706
67870
69610
70630
72706
73833
69771
68701
68927
70900
72966
73970
70485
67986
69050
71086
72109
73865
69906
67971
68320
70255
72345
73917
71818
68460
68870
70875
72925
73849
70535
68365
69098
71105
72120
74010
69885
67724
68204
70201
72224
73596
69746
68764
68741
70700
72781
73779
70506
68005
69109
70100
72170
73924
69721
67780
68186
70150
72190
73210
69016
67985
68715
70707
72775
73690
70120
68076
68925
70954
72005
73815
69735
67916
69405
70395
72419
73630
69610
67971
69585
70585
72626
73045
68850
67924
68990
70971
73042
74024
70670
68190
68990
70980
71985
73926
70171
67936
69281
70285
72340
74345
70650
69320
68196
69995
72010
73983
72758
68945
68230
70215
71250
73355
72859
69325
68380
69071
71056
73135
72866
70385
68065
69425
71445
72465
74255
70506
68591
69929
70935
72950
73585
69270
68215
70138
72160
73200
69981
68905
68755
70720
72802
73495
70756
68005
69010
70976
73071
71880
68461
68540
70540
71569
73654
71612
68281
68830
70776
71789
73845
71305
68581
69045
70000
72030
74002
70338
68377
68939
70939
73025
73695
69566
68654
69416
71415
73520
74475
70685
68285
69776
71830
72860
74577
70225
67980
69081
70085
72094
73955
69920
67822
68329
70296
72330
73360
71386
68310
68235
70186
72215
73255
70769
67865
68685
70661
71676
73595
69823
67740
68916
69894
71957
73595
69245
68006
68335
70320
72351
73310
69930
67865
68825
70815
71865
73515
69084
67556
69250
70230
72258
72845
68945
68090
68921
70885
72950
71615
68011
67679
69490
71495
73546
71255
68286
68356
69355
71365
73430
70501
68895
67960
69916
71955
73884
72831
69145
68170
69996
72020
73065
71485
68040
68500
70480
72485
73515
71256
68400
68050
69965
70961
73029
71128
68092
67833
69584
71581
73580
73210
69466
68170
69770
71796
73856
73669
69422
68255
70120
71121
73170
74512
70328
69014
68514
70459
72500
74035
72046
68682
68689
70694
72722
73450
70950
68296
68645
70650
72725
73725
70415
67711
68595
70555
71580
73580
70772
68516
69130
70125
72185
74220
71130
68526
68675
70625
72670
73701
71950
68860
69015
70010
72040
74141
71285
69580
68550
70455
72470
73490
72099
68910
68885
69861
71905
74010
71981
69935
68630
70490
72565
73585
73655
69835
69235
71199
73262
74313
72776
69035
69617
71630
73750
74735
70933
68890
70130
72200
73255
75014
70480
68759
70475
71485
73560
73511
69822
69359
70345
72415
74560
72160
69159
69170
71044
73065
74916
73479
70163
69871
71880
73988
75008
71566
69255
70671
71704
73805
74991
70830
69690
70266
72303
74441
72806
70780
69550
71450
73545
75351
73409
70140
69586
71545
73620
74650
71100
68560
69935
70930
72971
74725
70541
68445
68630
70525
72556
73705
69111
68094
68990
70985
73051
73493
70995
68515
69085
71075
72116
74051
70156
68290
69835
71851
72899
74177
70334
68770
69495
71525
73645
73081
69226
68609
70106
72139
74225
71346
68567
69276
70250
72270
74324
70715
68435
68730
70716
72790
74133
71860
68945
69130
71131
73190
74105
70450
68200
69524
70524
72569
73640
69520
68605
69195
71180
73286
72945
70381
68376
69875
71885
73971
73759
69900
68711
70485
72570
74411
72640
68990
69136
71140
73216
74231
71365
68910
69675
71680
72710
74490
70160
68367
70101
71120
73232
73650
71101
69470
70795
72846
74970
76055
77946
78190
79705
80860
83235
84460
86996
88040
88240
89003
90006
91325
94040
95456
96900
98285
98391
98645
99807
101293
102816
104340
107500
108151
107445
106712
106358
107436
110680
112381
114040
113130
110501
108800
109555
111202
112874
114605
116270
115701
114241
112944
112271
112915
114580
118096
119875
119040
116366
114185
113130
114410
116106
117840
119611
120035
117837
115408
113840
113691
116927
118674
120454
120331
117190
114345
112960
113911
115620
117370
119155
120553
118533
115715
113531
112785
114455
116186
117940
119521
117852
114938
112725
112095
113466
115200
116980
118771
117036
114669
112966
112290
113265
114936
116665
118405
119521
116900
114131
112275
112100
113580
115265
116971
118701
118829
115511
111199
110600
111801
113480
115230
116976
117330
114195
111390
109651
111244
112930
114631
116349
116271
113240
111045
109490
108996
111755
113396
115095
115700
113080
110631
109140
109380
112601
114265
115960
115935
112967
110629
108880
108196
109105
112411
114100
115165
112820
110081
108465
108425
109890
113210
114890
115125
112326
109961
108285
107660
108680
111921
113596
114799
112731
110327
108723
108630
110065
111731
113400
115065
111895
109655
107915
107312
108349
109985
111666
113330
114130
108366
106650
106450
107861
109491
111149
112796
110216
108289
106710
106026
106951
108549
111890
112885
110510
107896
106265
106130
109219
110871
112505
112405
109345
107140
105755
106396
108029
109690
111371
112070
109215
106801
105425
107154
108746
110360
111995
111776
108955
104951
104600
105850
107430
109056
110721
110805
104671
103355
103725
105220
106796
109950
108920
106266
104500
103315
104754
106315
107910
109505
109431
106535
103335
104255
105805
107421
109035
110605
110066
105490
104140
104020
105381
106965
108585
110221
108026
105346
103824
104011
105509
107060
108656
110505
107815
105446
103595
102987
104178
107318
108900
110286
108540
105600
103685
104255
105825
107395
108966
110516
109705
106645
102810
102757
104184
105725
107325
108940
110162
105015
103086
102780
104125
105691
108820
109990
107420
104666
102776
102221
103721
105264
106820
108371
105219
102940
101916
102540
104055
107211
108785
108171
105544
103541
102350
103799
105321
106870
108445
108866
105945
101804
101946
103365
104840
106370
108260
105715
103610
102176
103170
104711
106250
107800
109110
107136
102366
101934
103126
104685
107866
108830
106440
104012
102299
102448
103975
105511
107080
108525
107020
102195
101592
102659
104185
107296
108720
107355
104410
102197
101400
102862
104394
105965
107520
108150
102831
101085
100895
102226
105355
106930
108336
106905
104020
100141
99850
101012
102508
105560
106860
105231
102365
98991
99610
101100
102595
104121
105651
102741
100589
98906
98610
100065
101556
103095
104610
101206
99136
97616
98881
100350
101850
103350
104486
100271
98669
97576
97570
100285
101806
103320
104340
101935
97125
96770
97962
99464
102435
103780
102306
99775
96936
96970
98215
99655
102625
103695
101550
98890
96315
97190
98600
101525
102995
102655
99746
96325
95965
96936
99855
101354
102796
101885
99150
96075
96430
97840
100781
102275
102475
99686
96259
95650
96471
97905
100896
102391
102214
99370
96224
96631
98015
99470
102461
102270
99631
97724
96356
97322
98783
100261
101795
99954
95996
93175
93051
94415
95795
94912
89374
83190
82175
84162
85439
86060
81651
76888
78041
80331
81491
77495
73900
73620
75500
77695
77115
73826
70965
72445
73465
75616
73995
70435
70590
71597
73720
75411
70465
68965
70865
71901
74005
71931
69161
69785
70789
72860
74530
69902
68310
70134
72205
73250
72640
69016
68805
70746
72776
73825
71815
68616
69635
71650
73721
74675
71049
68506
69370
71360
72375
74060
69664
67990
69700
70685
72744
74054
69670
68077
68744
70732
72835
73475
70665
68230
69361
71365
73430
74206
70195
68395
69716
71755
72785
74231
69580
68357
70166
71150
73215
74216
69717
68458
68819
70805
72870
73830
70190
67842
69239
71205
73239
74017
69870
67875
69240
71251
72280
73655
68965
67690
69489
71496
72540
73605
69530
67975
69450
70440
72469
73382
69055
68114
70055
71060
73115
73571
70989
68104
68795
70764
72805
73750
69901
67820
69250
71220
72257
73790
69569
68144
69806
70794
72838
73865
69115
68135
69396
71393
73475
74101
69990
68348
69860
70855
72935
73741
69430
68771
69719
71755
73830
71636
68775
68515
70190
72229
74295
71051
69360
68870
70806
72855
74390
72070
68805
68820
70752
72795
73815
71045
68185
69290
70290
72334
74250
70250
67901
67980
69845
71864
73860
70275
68670
68291
70277
72344
73373
73116
69055
67739
69480
71506
72550
70540
68825
67901
69795
71840
73845
72805
68725
67936
69705
71769
72824
72390
68409
68406
70405
71425
73512
71550
68415
68181
69150
71165
73265
71226
68430
68455
70355
72397
74236
72595
69365
68696
70556
72674
73730
72549
69015
69584
71636
73721
74599
70686
68330
69465
70445
72521
74346
70076
68556
69354
71400
73494
73630
70990
68660
69675
71716
73799
74590
70400
68731
70535
71565
73645
73113
69290
68915
70890
72995
74041
72205
68745
69480
71465
73536
74560
71419
68490
68951
69920
71986
74031
70781
68261
68519
70485
72542
74294
70130
68805
68456
70370
72413
73790
69411
68219
69010
70985
73061
72701
70376
67989
68795
70790
72885
72656
70040
67805
69090
71074
73116
72696
70390
67995
68789
70765
72835
73815
70356
67874
69165
71151
73197
72716
68975
68005
68872
70856
72925
72610
68610
68606
69604
71646
73776
71455
69695
67955
69450
71441
73478
71196
69364
68145
69985
71971
73950
73085
69354
68050
69800
71895
72961
73075
68944
68569
70550
71535
73625
73040
69272
68060
69835
71883
72920
73930
69533
67825
69540
71595
72656
74595
70745
68285
69115
70090
73145
74045
70705
68001
69140
70112
72105
74070
70718
68291
68160
70001
72015
74060
73260
69089
68425
70385
72411
73466
72840
69137
68380
70265
71280
73361
71056
68205
68446
69424
71415
73450
70470
68001
67821
69575
71570
73471
72095
68535
68726
70684
72731
73769
71494
68575
68365
70315
72380
73375
70095
67870
69056
71065
72095
73832
69926
67845
69004
69975
72000
73661
70041
68335
68897
70865
72935
73815
71450
68860
69050
71029
73126
73816
71299
68860
69997
72061
73126
75015
70672
68480
68775
70710
72760
74480
69921
68205
69920
70930
72963
73941
70010
68515
69075
71050
73115
73710
69559
68620
69610
71610
73700
74549
71105
68860
69985
71995
73055
73994
69820
69105
71035
73146
74209
72535
69425
69295
71295
72345
74466
71831
69005
69911
70935
72955
74905
71321
69120
69950
70950
73010
74847
73328
69880
70025
72044
74130
75200
72965
69675
69565
71611
72674
74750
71566
68955
69261
71210
73305
75326
74384
70115
68435
70185
71196
73265
73015
69065
68745
69725
71795
73892
73685
71405
68800
69586
71606
73660
74445
70495
68460
69960
71995
74055
74105
70141
68226
69610
71635
73700
73980
69590
68085
69900
71941
72975
73680
69745
68165
68775
70799
72851
74115
71545
68422
69000
70980
73035
73307
70923
68505
69015
71005
72025
73890
69965
68020
69490
70505
72532
73804
69915
68356
68930
70928
72985
73066
69290
68412
69516
71545
73625
71381
68635
68265
69896
71920
74010
71211
68575
69570
71526
72535
74265
70345
68690
70050
71051
73125
73795
69226
68255
69190
71197
73235
72666
69021
68718
69665
71695
73764
72490
69100
69265
70250
72260
74304
71064
68561
68525
70405
72424
74436
73594
69335
69200
71176
73205
74246
72015
69164
69200
70155
72185
74240
71130
69535
68615
70531
72577
73639
72970
69356
68586
70465
72500
73532
72231
68695
68905
70909
71930
74025
71475
68825
68540
70215
72246
74311
73789
69515
68915
70851
72900
73955
72256
69230
69245
71246
72275
74300
70586
68325
69640
70645
72703
74340
70333
68765
69340
71309
73410
73641
69343
68478
69580
71626
73711
74370
70044
68032
69300
71360
72391
74160
69730
67976
69570
71622
72664
74567
70860
68592
69340
70340
72382
74325
70513
69181
68865
70810
72851
74400
72265
69030
68700
70655
72706
73760
71285
68631
69525
71560
72606
74681
71170
68529
69305
70300
72390
74339
70320
68346
68819
70817
72835
73802
71104
68590
69210
71215
73275
74175
70202
68055
69435
71405
72425
73795
69810
68020
69426
70415
72476
73870
71385
68210
68545
70486
72505
74309
72780
68930
67715
69529
71541
73540
72750
68740
67970
69910
71945
72985
74065
69835
67660
68945
70941
72996
73645
69626
67555
68990
70975
73065
73632
71059
68120
68100
70075
72105
73110
71771
68195
68105
70101
71115
73176
73061
70469
67755
68405
70386
72415
73450
70873
67725
68282
70240
72250
74051
72435
68900
67855
69684
71704
73695
70560
67805
67730
69599
71613
73670
70807
68156
67961
69756
71820
73882
70550
68980
68205
70101
72105
73130
73745
69787
68560
70401
72442
74431
73039
69174
69070
71065
73120
74331
71800
69020
69620
71683
73777
73710
70960
68500
69745
71746
73860
71981
68613
68043
69655
71681
73720
71169
68406
69217
70208
72251
74315
70910
68324
68175
69990
72060
74115
70676
69039
68191
70150
72199
73211
72880
69040
68325
70250
72276
73325
71745
68390
68676
70680
71711
73771
70540
68180
69185
71200
72225
74084
70030
68093
69736
70725
72800
73267
69370
68820
69790
71820
73910
74615
74085
75305
77530
78670
80995
82165
84111
84632
86470
87741
89040
91645
92990
94366
94565
94475
95056
97835
99301
100785
102301
104279
103541
103090
103245
104511
107645
109310
110921
110842
110233
111481
113161
114899
116655
120260
122095
123956
125845
127785
129731
131716
133759
135816
137900
140036
142175
144350
146335
143051
138100
136726
138570
140717
142873
139943
133878
129681
127070
127300
129180
131202
133201
133769
129685
126170
123512
122074
122896
124746
126659
128550
127580
124113
121724
120559
121340
123183
125088
126975
128256
125550
122727
120749
119600
120235
121976
123815
125685
126431
123000
120390
118956
119345
121095
122942
124839
126565
124755
121498
118918
117392
117474
119105
120925
122786
124645
123600
120041
116350
117465
119281
121127
122963
124586
122720
120267
118344
117440
118410
120162
121959
123811
125384
123296
120282
118313
118241
119870
121722
123614
125525
125780
122830
119951
117296
118465
120265
122120
124031
123975
120665
117900
116346
116810
118555
120351
122185
123845
121956
119081
115380
115541
117170
118960
120786
122441
120424
116801
114340
113170
114136
117575
119342
120865
118959
115980
113806
112535
112640
114231
115980
117735
119200
114195
111932
111208
112496
114210
115930
117706
118680
116030
113445
110701
111600
113260
114985
116765
118170
116302
113534
111416
110716
112054
113750
115451
117165
118235
112196
110015
108810
109186
110760
112410
114106
115660
111775
109146
107620
107940
109510
111171
112855
114490
111255
108660
106750
105871
106595
108180
111495
113145
112911
109740
107040
105125
104835
106221
109451
111109
112751
112925
110105
107606
105016
106009
107602
109244
110927
112554
112060
106050
104492
104620
106119
109351
110991
112159
110106
107580
105740
104500
106162
107743
109367
110979
110845
107890
105265
103520
104945
106511
108080
109705
111065
106895
104740
103656
104105
105625
108829
110406
109865
106180
103151
102136
103654
105236
106815
108405
109252
104485
102800
102051
102910
106035
107596
109145
108260
105205
101884
102495
103996
105566
107144
108740
106360
103905
102215
101681
104240
105811
107401
108774
107000
104145
101440
102465
104010
105581
107145
108620
104513
102506
101139
101093
102384
105521
107080
108115
105895
103030
100335
101412
102929
104440
105980
106131
103157
101123
99830
99721
102515
104025
105591
106535
104145
99226
98790
99980
101465
104556
106014
105211
102250
98550
98570
99876
101385
104476
105445
103140
100630
98097
99219
100669
102131
104851
103224
100711
98880
97760
99066
100526
102039
104851
103185
100201
97425
98485
99970
101486
104473
103775
101131
99355
97844
98881
100355
103375
104841
103925
100875
97651
98405
99845
102842
104359
104082
101583
98455
98510
99795
101301
104385
105405
102886
100080
98545
99846
101380
102896
105316
102855
100465
97711
97980
99356
100845
103840
104305
101621
99255
97914
99285
100746
102245
104510
101741
99220
96401
96496
97775
99244
102225
103440
101705
98796
95915
96660
98091
101090
102591
103195
100790
96805
96061
96835
99750
101246
102740
102595
97324
95850
95922
98710
100176
101674
102761
100515
96035
94950
96920
98395
99905
101401
98575
96090
94576
95855
97275
98726
100180
99395
96771
95075
94991
96400
97830
100745
100340
94466
86060
85435
87805
89105
89455
84935
79939
78869
80470
81655
84015
78081
75279
73606
75690
77909
78860
73720
70840
71995
73041
75190
76056
70180
68626
69544
71576
73650
72046
68225
68365
70355
71351
73360
69621
67000
68269
70237
72258
69805
67031
67735
69642
70639
72401
68070
66613
68330
70276
72258
69535
67071
67956
68925
70925
72405
68050
67099
68965
70970
72724
71034
67906
68019
69977
71995
72255
69545
67346
68650
70646
72685
70600
67690
67976
69940
71975
72886
69400
67418
68910
70905
72930
71285
68044
67981
68935
70935
72958
69901
67282
68287
70242
71253
73254
70095
67290
67735
69695
71702
72673
69466
67099
68270
70261
71295
73185
69466
67345
68261
69244
71276
73140
69461
67485
69095
70090
72144
73340
69185
68019
69750
70726
72786
73130
68805
68179
69146
71130
73210
71585
68395
68475
69455
71481
73540
70425
67700
68724
70710
72761
73630
69685
67836
69266
71305
73400
73866
69240
67930
69760
71810
73710
70135
68094
69350
71360
72380
73326
68765
67840
69720
71750
73610
70020
67946
68850
69855
71891
73498
69201
67845
69616
71601
72610
72825
69065
68300
70195
71220
73321
71704
68145
68645
70641
71644
73706
70625
68235
69045
71050
73135
72429
69895
67765
69301
71275
73330
70610
68210
68981
70000
72055
73794
69396
67675
69327
70318
72350
71765
68350
67940
69850
71890
72970
70390
67514
68495
70475
72521
71575
68270
68136
70110
71120
73146
70089
67450
68700
70670
72708
70604
67796
67544
69216
71240
73185
69025
67190
68730
70726
71770
73176
69410
68110
69890
70921
72986
72065
68596
68830
70770
72781
73670
69765
67910
69165
71185
73250
71330
68010
68690
69670
71725
73864
71595
68155
68184
70155
71165
73207
70034
67005
68010
69995
72037
72993
70025
67306
67866
69870
71920
72915
69920
67165
68125
70080
72075
72965
69420
67215
68077
70030
72026
72788
68850
66820
68325
70275
72296
72905
68996
67415
68833
70825
72890
73128
68781
67420
69230
71231
73172
72203
68520
67669
69550
71561
73335
69270
67501
69065
71059
72074
73309
69240
67586
69276
70284
72290
72625
68535
67760
69651
70634
72660
71495
68040
67345
69210
71193
72726
68560
67015
68669
70680
72722
72875
68844
67321
68896
70890
72839
69754
68405
67845
69740
71765
73335
69376
67355
68744
70706
72700
72180
68146
67520
69437
71432
72670
68465
67247
69000
70989
72010
72145
67955
67641
69620
71691
72606
70150
67845
68750
70765
72805
72326
68425
67590
68825
70840
72915
70609
68147
68078
69941
71980
73730
69346
67535
69160
71151
72185
72290
68236
67600
69520
70511
72520
71082
67875
68564
70545
72560
73361
69565
68006
69515
71535
73515
70280
68110
69593
71625
72635
72655
68985
68607
70535
71532
73589
70850
68374
69585
71602
73690
71259
68611
68235
69900
71936
73876
70032
68090
69678
70686
72710
74275
69885
67900
69306
70329
72420
73915
69350
67774
69559
71615
72635
73316
69260
68171
69895
71945
72980
72890
68613
68242
70201
72225
73265
71460
68340
68610
70571
72630
72796
70136
67940
69351
71360
73436
73339
69106
68220
70095
72135
73984
69830
68221
69925
70945
73061
72575
69000
68701
70690
72761
73795
71290
68509
69329
71375
73425
72075
68990
69116
70120
72200
74250
70851
68790
70246
72279
73295
74080
69666
68355
70170
72205
73220
73440
69081
68230
70160
72215
73255
72945
69151
68320
70205
72240
73870
71694
68286
68710
70702
72720
72445
68896
68096
69939
70950
73020
71774
68571
68848
70820
72841
73880
71310
68915
69750
71765
72826
74516
70225
68795
70641
72680
73715
72711
69120
68875
70801
72880
73930
71115
68135
68985
70981
73019
71732
68610
68960
69925
71949
74014
70957
68286
69445
71465
73564
74090
70085
68725
70384
72411
74464
70977
69423
68975
70977
73056
74815
70573
68936
70555
71560
73619
74320
69848
69311
70300
72355
74491
73050
69795
69586
70565
72620
74680
71156
68880
70346
72405
73425
74355
69785
68705
70576
71570
73650
72400
68565
69162
71155
73210
73306
70714
68811
71035
73076
74130
70325
68935
70760
72791
73850
73460
70070
69746
71710
72735
74841
72120
69370
70421
72435
74551
75070
70700
69256
70921
72975
75001
73704
69605
69655
71657
73742
73950
71256
69062
70060
72121
74180
72350
69000
69620
70625
72670
74650
70922
69054
70390
71385
73504
74355
69880
69181
71147
72178
74296
72375
69527
70071
71095
73207
75166
70994
68951
70475
71481
73530
75176
71075
69088
70381
71400
73511
74985
70515
68964
69759
71805
73940
74800
72360
69554
69984
72008
74126
75084
71243
69142
70617
72685
73765
74980
70830
69560
71271
72295
74384
73885
69785
69700
70685
72740
74855
72616
69964
70229
72226
74317
75244
71502
69300
70796
72850
73911
75357
70880
69055
70548
71570
73637
74865
70390
68930
70785
71810
73876
74755
72275
69519
69590
71576
73635
74657
71744
68980
69850
71912
72979
74945
71460
69086
69865
70857
72900
74775
70676
68682
70155
71145
73187
74770
70530
69345
68805
70740
72810
74060
71780
69015
69429
71480
73551
74540
71547
69095
69551
71615
73710
72780
69241
68774
70451
72505
74585
71375
69045
69851
71879
72942
74785
70245
68530
70245
71250
73330
73855
69670
68588
70471
71485
73547
72826
69000
68990
70975
71980
74035
71090
68805
69765
71780
73840
74545
70430
68665
70307
72370
74320
70621
69399
68796
70715
72798
74317
69965
68326
70090
72146
73184
74061
69905
68530
70250
72260
73296
73305
69134
68592
70505
72555
73575
72480
69155
68764
70731
72830
74071
69620
68429
70271
72310
73345
74306
70105
68393
70080
72110
74171
74090
69735
68259
70050
72055
74121
74135
70240
68697
70301
72344
74381
73429
68250
68375
70341
72439
74050
69581
67856
69440
71428
73465
73570
69166
68070
69915
71921
73940
73350
69401
68505
70405
72456
74475
71136
69590
68950
70905
72981
75066
74915
75176
76680
78905
80066
82430
83620
84100
84115
85927
87183
88481
91097
92448
93131
92685
92885
95326
96725
98165
100726
99755
98496
98644
100085
101555
104530
105665
104272
102664
101340
102290
103831
105415
107020
107990
106150
106220
107646
109260
112535
114221
115920
117690
119476
121315
123200
125095
127061
129016
130980
132945
132415
128230
125526
126010
127940
129951
131875
129192
124021
120388
118550
119441
121220
123035
124886
124650
121280
118401
115580
116850
118611
120430
122255
122261
118242
114983
113026
113140
114785
118247
119629
117422
114423
112146
111005
111531
113150
114835
116575
116240
112915
111011
110545
111965
113630
115371
117852
114704
111995
110070
109280
110236
111902
115286
115910
112750
109940
108146
108400
109970
111620
113311
114058
111238
109250
107715
107407
108684
110310
113639
114036
111300
109017
107759
108400
110000
113356
114985
113835
110976
109105
108235
108855
112105
113795
115441
114010
110785
108875
108890
110540
112172
113834
115330
113625
110646
108440
106635
107971
109615
111276
112940
112875
109890
106116
106235
107740
109395
111006
112660
113002
107914
106265
105841
107090
108695
112031
112765
109825
107035
105256
107005
108560
110171
111782
111348
108546
104375
104315
105796
107400
109055
110871
107855
104950
103441
103970
107126
108715
110335
110920
108515
106341
104536
105889
107465
109075
110736
111836
106650
104721
104290
105610
107220
108836
111379
109140
106891
105310
106206
107785
109401
111039
112386
109940
104545
104096
105410
106975
110210
110711
108229
105846
104215
105205
106766
108352
109988
110996
108295
103005
102616
103956
105484
108641
109580
107102
104620
102541
103801
105338
106941
108535
109790
104960
103130
102815
105620
107175
108740
110061
108300
103886
102805
103545
106666
108305
109875
108851
105490
101970
102775
104291
105835
107401
108884
104750
102685
101406
101596
104595
106221
107826
107229
101500
100541
101164
102660
104201
107295
106901
104520
102875
102040
103505
105030
106631
108261
105550
103225
102166
104101
105639
107191
108780
108885
106115
102480
102370
103536
105095
106705
108297
107265
104435
102510
102141
104926
106455
108015
109432
107944
103040
102240
102732
104239
107386
108934
108066
104885
102615
102117
103603
105146
106685
108275
105486
103210
101602
100810
103042
104563
106140
107616
106387
101585
100676
101280
102755
105816
107390
107412
104604
102670
100628
101576
103105
104656
106240
107660
103259
101091
100045
100555
103546
105075
106580
106311
103284
99810
99505
100645
103670
105221
106360
104280
99550
98921
99910
102945
104491
105922
104748
100451
99275
99355
100665
103690
105237
106244
104085
99141
98379
100780
102265
103790
105266
104315
100066
99035
99036
101845
103356
104905
103906
101150
99292
99896
101406
102914
104420
103400
100845
99225
98361
100286
101804
103346
104881
104774
99196
97900
98225
101066
102525
104015
104420
99281
97619
96660
97141
100025
101521
103010
102835
97835
96436
97772
99255
100724
102175
100520
98416
96881
96835
98290
99740
101225
102150
99395
97295
96831
98245
99695
101165
102520
99675
96455
96286
97464
100412
101904
103140
101141
96175
95660
96682
99572
101068
102426
101136
96529
95612
96294
99130
100642
102029
98340
86324
83250
84350
86874
88045
81675
79166
77115
79080
80235
82317
76320
73066
73580
75710
77946
78840
74341
71630
72640
74767
75839
77025
72270
70666
71560
73615
75750
74120
70287
69721
71695
72716
74811
72180
68895
69605
71620
73690
74677
70954
68590
69451
71495
72550
74520
71026
68800
70186
72210
73255
74855
70700
68545
69755
71780
72820
74341
69945
68135
69855
71875
72920
74010
69895
68315
69828
71875
72910
73892
69830
68755
70621
72692
73753
72836
69196
68773
70695
72770
74211
71936
68511
68950
70935
73010
73316
69325
68041
69786
70779
72805
72490
68660
68340
70297
72375
73451
72642
68966
68410
70300
72356
74224
70270
68870
68750
70710
72706
73505
70945
68301
69056
71050
73143
72773
68755
68386
70350
72370
74011
72050
68811
68704
70670
72740
73426
69195
68181
70071
71050
73105
72447
68905
68320
70201
72256
73829
71566
68180
69316
70295
72336
73076
69130
68105
69848
71890
72910
72630
68815
68665
70650
72700
73735
71735
68665
68722
70700
72786
73770
69690
68705
69410
71395
73470
73265
69491
68470
69220
71200
73290
71630
68679
69146
71135
73212
72675
70325
68058
69051
71060
73125
70786
67944
68551
70535
72580
73487
69860
67765
68888
70834
72860
73274
69191
67827
69546
71560
73530
70335
68105
68740
70747
71764
73770
70107
67945
69115
71111
73170
73680
69412
67845
69255
71270
73370
71115
68413
69175
71169
72211
73990
69877
68021
69065
71053
73082
73544
69490
68160
69850
71865
73924
73530
69390
67936
69585
71590
73600
70495
68125
69366
71402
73451
73964
69611
67920
69416
71471
72494
73125
68945
68060
69929
71959
73870
69936
67775
68905
70896
72941
73650
69691
67930
69518
71551
73640
71970
68741
68543
70487
71529
73658
70890
68366
69004
70985
73026
74034
71305
68226
68210
70166
72241
73285
70945
68116
68730
70735
72791
73840
71520
68501
68525
70510
72596
73635
70800
68280
69130
71120
73221
73170
70630
68420
69475
71495
73591
72010
68990
69481
70480
72510
74495
70964
68717
69701
71751
72824
74215
70170
69140
70991
73060
74112
73451
69875
69215
71150
73245
74290
72046
69000
69625
71621
73644
74370
70209
69337
69995
72041
74160
73515
69801
69823
70820
72867
74980
71746
69290
70264
71285
73359
75075
70805
69121
70885
72996
74080
74371
70330
69255
71090
72115
74230
73282
69460
69486
71525
73610
74661
72410
69255
69212
71160
73230
74175
71645
68839
69740
71795
73917
73600
69750
68883
70805
72875
73930
72315
69075
69474
71460
73550
74585
72325
69490
69495
71500
73605
74615
71306
68695
69890
71915
74000
74865
70995
68694
69715
71720
73788
74500
70395
68550
70136
72171
73204
74005
70085
68915
70650
72687
73731
73665
69374
69005
70970
73026
74571
72259
69116
69035
71030
73091
73914
69751
68776
69706
71756
73821
73292
69806
69450
71395
72406
74515
72355
69051
69720
71761
73818
74245
71695
69246
69915
71940
74026
73265
71105
69129
70625
72675
74760
72325
69380
69590
71570
72590
74581
71062
69093
70511
72520
73549
75036
70961
69225
70684
72745
73780
74547
70160
69290
71256
72275
74370
73811
70036
69245
71181
73290
74490
71991
69150
70160
72191
74290
73560
70015
69375
71339
72381
74460
72320
69285
69985
71981
74045
74875
71159
69165
70450
72464
73525
74230
69905
69211
71165
73222
74279
73206
70258
70130
72125
74257
75204
71505
69440
70754
72775
74868
75171
71200
69510
70980
73035
75035
73856
69930
69755
71776
73830
74410
71405
68735
69273
71241
73325
73100
69190
68876
70840
72880
73920
71430
68745
69340
71335
73387
73692
70919
68401
69445
71459
73510
75335
71491
69905
69045
70950
73003
74595
72485
68881
68971
70956
73011
75140
75215
70705
68466
70080
72115
74220
74876
70651
68687
69643
71655
73705
74671
70370
68535
70190
71225
73315
74920
70680
69215
70986
71980
74030
75519
71545
69490
70708
71723
73845
74996
70515
69285
69811
71841
73960
74816
70890
69745
69868
71910
74016
74652
70329
69206
70049
72105
74233
74896
70859
69675
70323
72320
74385
75340
71860
69631
70835
72865
74980
75595
71125
69070
70450
72470
73510
74815
70315
68825
70695
72740
73776
73565
69241
68400
70315
72361
74330
73177
68290
69591
70599
72645
74340
69965
68060
69534
71571
72600
74225
69790
68028
69725
71751
72800
73930
69540
68279
69945
71981
73020
74031
69735
68526
70360
72383
73403
73265
69235
68695
70630
72669
74360
69735
68102
69791
70799
72880
73970
69715
68400
70169
72230
73260
73791
69470
68640
70530
72540
74472
70621
69451
69990
70980
73035
74471
70095
68760
70570
72610
73655
73476
69583
69070
71034
73061
74811
72965
69590
69605
71645
73725
75131
71090
69631
71261
72310
74390
74360
70387
69664
71045
73109
75239
74371
70684
70225
71166
73234
75385
73091
70130
70975
71990
74090
76185
72326
70025
69965
71832
73944
75710
73895
70365
70410
72445
74585
75685
73080
70565
70740
72754
74860
74340
71665
69596
70887
72900
74987
73815
70310
69935
71897
72953
75070
72581
69785
70585
71600
73650
75550
71610
70410
69875
71816
73900
75369
71270
69745
70550
72571
74689
74620
70545
69717
70574
72620
74755
73220
69859
70051
71035
73052
75155
72390
69863
69745
71575
73670
75600
71445
69851
69560
71554
73633
75055
70390
69305
69685
71709
73835
74511
71910
69240
70200
72265
74385
75240
71299
69115
70101
72125
74192
72741
69446
69584
70589
72661
74800
74177
70120
69149
71066
73125
74205
73546
69670
69170
71161
72165
74255
74465
70200
68964
70839
72879
73915
73495
69290
68708
70636
72655
74390
70546
69415
69015
70964
73020
74495
70396
69010
70756
72775
73815
74881
70616
69160
70832
71828
73900
74385
70661
69455
71320
72348
74426
74085
70131
69504
71440
72445
74560
73322
70055
70169
72185
74311
75378
77465
78436
79255
81495
82686
85110
86350
88111
87710
87895
89000
91605
92975
94365
96880
96351
95744
96265
97710
99170
102185
103670
103560
102026
101465
102854
104416
105985
109206
109975
108655
107430
106991
109306
110929
112583
114263
115266
113116
110719
109206
110685
112360
114055
115756
116436
114034
111875
109870
111005
112676
114380
116135
117105
114897
112694
110901
112400
114142
115853
117586
119015
117185
114776
112381
113259
114935
116657
118388
120041
119001
116419
114236
114270
115985
117736
119531
121144
119426
116090
113445
111841
111861
113404
116826
118485
117427
114774
112346
110855
110954
112526
114230
117641
117285
114115
111705
110026
109330
110380
112041
113720
115815
113486
111372
109933
110106
111682
115061
116755
116755
113680
111116
109470
109140
110415
112042
113719
115802
113004
110440
108945
109336
112576
114269
115946
115495
112400
110001
108626
110029
111666
113375
115076
114910
109251
107890
108395
110005
111670
113356
114876
112340
110080
108801
108734
110151
111830
113515
114555
111460
109355
108356
109075
110675
112335
115570
114630
112516
110325
109065
110646
112320
114000
115641
114720
111745
109292
108836
110429
112061
113710
115300
114366
111680
108690
109175
110761
112425
114105
115591
113570
110105
107981
108555
110145
111796
113500
114900
113176
109002
108338
109366
111000
112675
114385
115696
113320
107756
107210
108535
110151
111785
113455
114142
108865
107300
106635
107341
108905
110530
113520
111595
108805
106861
106106
107049
110261
111897
113323
111711
109290
107531
106070
107405
109005
110672
112346
112608
107446
106000
106011
107454
109076
110710
112681
109920
107735
106360
105946
108761
110384
112056
113065
110470
107497
105185
106485
108081
109740
111411
109815
107445
105780
105121
107484
109090
110721
112245
111055
108201
105035
105960
107530
109121
110780
111371
108585
106370
105211
105415
106887
108440
111711
111234
107886
105355
104280
106655
108276
109915
111275
109296
103805
102897
103684
105225
108332
109854
109000
106015
103991
103895
105415
106956
108555
110100
106776
104750
103625
103715
106700
108290
109896
109585
106055
102231
102870
104387
105943
109160
109630
107050
104847
102691
103790
105340
106930
108536
109870
104745
102670
102076
103265
106385
107965
109331
107509
104811
101670
101970
103416
104971
108092
107609
104687
102244
101239
102755
104290
105831
107395
103780
101006
99180
99275
100761
102275
103775
105271
102445
99970
98480
99700
101160
102645
104151
106315
103911
101380
99310
98787
100229
101730
103255
105255
102567
99728
97671
97855
99301
100780
103825
104973
103096
100575
97230
97196
98470
99910
102915
103785
101480
98740
96409
97445
98900
101870
103325
103181
100880
97760
97140
97958
100860
102365
103711
102080
96900
96046
96650
99486
100935
102395
101095
99026
97400
97656
99110
100580
103535
103160
100470
98235
97612
99018
100475
101952
103434
101065
98951
96765
97585
98995
100436
103375
102327
98974
95865
96631
98050
101002
102464
102615
100055
96466
96030
98557
99979
101440
102735
98136
96115
95605
98116
99555
101027
102483
99480
97620
96445
97730
99200
100665
102176
100650
97590
95771
96735
98175
99632
102325
99900
96411
92565
92806
94105
96905
97625
92716
83740
82430
84830
86045
83276
76975
75600
76839
79085
81086
78139
72458
72247
74295
76450
75061
72326
69665
70915
72946
74930
70828
68221
69634
71649
73686
73286
68007
68670
70671
71719
73291
69025
67480
69255
71265
73070
69125
67411
68760
70735
72795
69481
66925
68150
70106
72100
72325
68145
66795
68485
70498
72480
68635
66561
67905
69870
71901
70265
67385
67331
68265
70259
72261
69396
66895
68050
69985
71981
69975
67005
67275
69236
71230
70826
67013
66799
67750
69691
71707
68820
66516
67220
69165
71145
69915
66800
67185
69120
71105
70990
67285
66711
68572
70551
71544
70090
66920
67400
69325
71335
71321
67530
66850
68745
70755
72280
67971
66735
68476
70455
71455
71189
67191
66281
68050
70016
71645
67676
66145
67805
69745
71725
69131
66700
67159
69075
71033
70580
66880
66720
68620
70606
71896
69825
67130
67405
69344
71375
70744
67125
66805
68709
70700
72150
67956
66460
68115
70084
71961
68150
66472
68025
70000
72022
70700
66864
66056
67360
69325
71291
70260
66520
66366
68245
70202
72106
68615
66006
66889
68840
70797
71594
67759
65489
66751
68630
70620
70720
67162
66456
68324
70310
71910
67650
65837
67386
69334
70335
71840
67986
65960
67502
69416
71430
69245
66095
66550
68450
70435
71955
67945
66115
67535
69485
71505
70160
66885
66815
68730
70721
71755
69464
66720
66980
68890
70861
71470
67238
66417
68275
70252
72266
71720
67764
66977
68850
70871
72681
69070
67020
68656
70634
72650
70620
66970
66826
68755
70725
71986
69885
66952
67805
69741
71774
72155
67976
66800
68650
70644
72311
70474
66980
67170
69105
71085
72693
68645
66525
68170
70135
72145
70570
66840
67015
68940
70916
72500
68475
66571
68159
70141
71164
72065
67810
66719
68570
70560
72400
68540
66651
68091
70077
72101
72366
68310
66690
68436
70405
72354
69005
66535
67555
69475
71502
72328
68601
66410
67880
69850
71865
70230
66866
66965
68866
70895
72200
68416
66955
68735
70735
72795
70195
67190
67805
69730
71776
72720
69401
66915
68020
70015
72050
71265
67640
67373
69314
71355
72840
70535
67300
67511
69470
71524
72564
68635
66903
68466
70425
72416
71944
67920
67925
68905
70910
72770
69335
66965
67854
69815
71850
71319
67987
67755
69703
71730
72745
71075
67785
67445
69355
71326
71860
68011
66924
68745
69715
71720
72177
68375
67355
69150
71145
73110
72065
68246
67590
69490
71500
73239
69316
67830
69485
71465
73475
70135
67605
68696
70675
71685
73496
69780
68333
70026
72080
74115
70316
67955
69191
71226
73285
73300
69056
67973
69695
71696
73455
69140
67491
69105
71147
73205
73395
69111
67726
69520
71560
73585
70205
67805
69080
71030
73096
73995
70435
67927
68865
70845
72900
70810
67845
68330
70290
72315
73220
69720
67745
68930
70910
72965
70756
67913
68706
70747
72825
73825
70630
68210
69110
71090
73120
72090
68465
68415
70366
72405
73470
71236
68520
68720
70695
72726
72582
68640
68415
70371
71389
73485
70950
68400
69195
71180
73245
71855
68605
69131
71165
72215
74200
70776
69025
70471
72440
74465
74008
69775
68920
70836
72855
74275
70350
69185
71065
73140
74205
72870
69667
70136
72185
74316
73406
69871
69305
70655
72680
74781
72005
70195
69445
71394
73445
74975
70595
69156
69920
71970
74115
73734
69615
69436
70425
72485
74547
70980
68695
69795
71830
73935
74210
69870
68576
70420
72460
74460
73260
69376
68910
70855
72921
73720
69336
68684
70625
72626
73665
72402
69336
69670
71685
73785
73675
71175
69140
70529
72535
74631
72105
69621
70471
71490
73580
74870
70295
69192
71076
72110
74260
73412
69685
69440
71455
73545
74065
69865
69365
70310
72321
74415
71899
69120
69880
71904
73974
74810
70604
68945
70570
72640
74721
71611
69406
69510
71445
73515
74480
69940
69101
70995
72010
74065
72830
69630
69606
71556
73610
74550
71390
69430
70899
72975
75116
72760
69830
70676
72704
73777
75255
71110
70210
72180
74276
75331
72814
70370
71175
73200
75294
72711
70974
70255
72245
74360
75990
73570
70395
70686
72730
74870
74130
70280
70496
71490
73540
75582
72100
70060
71275
73330
74380
75211
70645
69870
71825
72865
74970
72190
69957
70835
72885
75010
75250
70911
70115
72120
74241
75545
73120
70460
70884
72905
75046
73850
71505
70072
71861
73934
75822
73934
70100
70230
72255
74367
75101
72570
69895
71056
73090
75185
75060
70955
70098
71981
74053
75465
70996
69745
71614
73690
74725
73619
70275
70325
72356
74465
75390
71615
69440
70981
73035
75160
74975
70766
69855
71780
73880
75125
70645
69746
71669
72690
74760
73830
70265
69831
71785
73835
74881
72715
69395
69980
71995
74070
74745
70440
69511
70181
72175
74270
75106
70905
68815
70475
72530
74650
72201
69260
69786
70775
72830
74844
71189
69025
70380
72400
74490
74665
70601
69259
71030
73076
74155
72810
69550
69985
71985
74045
73497
70096
69910
71881
72914
74981
71815
69020
70050
72060
74116
75015
71055
68900
70175
72187
74230
73925
69465
68765
70675
72720
74291
70215
68945
70616
72697
73758
73101
69330
69200
71175
73240
74084
69881
68765
70605
72664
74415
72525
69246
69705
71730
73819
73670
69901
69299
70255
72350
74470
71739
69226
70230
72236
73275
74520
70354
69377
71200
72225
74326
73146
69625
69882
71910
74021
75054
71700
69605
70660
72720
74820
72671
69670
70505
72548
73599
75345
71106
69415
70984
73051
75090
74165
70221
69830
71844
73921
74915
70555
69555
70455
72531
74635
73025
69834
70255
72275
74376
75260
71630
70089
71651
73716
75725
71957
70608
70595
72634
74780
74421
70495
70130
71105
73184
75260
71980
69755
71205
73261
74325
74565
70496
70035
72045
74171
74795
72500
71216
73055
75141
77338
78458
80630
81931
83005
85495
86771
88065
90680
91365
91320
92080
93411
96210
97640
99070
101289
101007
100755
101044
103845
105376
106980
109121
108020
107795
108400
109900
111566
115001
116750
117700
116805
115835
115311
116185
117945
119751
121590
123230
121685
119051
116346
117597
119414
121254
123106
124570
122610
119947
117764
116745
117566
119330
121160
123035
122876
119280
116315
114545
116226
117985
119770
121490
120251
117300
114845
113502
113879
115555
119049
120262
117869
115190
113486
113315
114810
116560
118351
120140
120527
118014
113935
113528
114813
116540
118311
120096
120724
118265
114330
114955
116681
118435
120237
121958
121061
118015
115646
115550
117270
119030
120801
122605
124465
125906
123875
121311
120901
122629
126397
128299
130255
132266
134310
136360
138462
140609
142800
144986
147230
149541
150955
145790
139451
134750
132336
133200
135265
137370
139062
134880
128671
123659
123166
125044
126931
128890
130861
132850
134890
135115
129486
124060
120285
118231
118495
120201
122060
123920
123542
119504
116107
114211
115855
117615
119420
121246
121520
119025
116936
115475
116207
117945
119749
121590
122257
119624
117200
115256
114680
116112
117874
119675
122126
119320
116800
114870
114132
115209
116960
118756
120565
121205
118665
116101
114590
116552
118344
120165
121917
121169
118215
116050
114916
117192
118944
120740
122465
121186
118400
116057
115128
116016
117785
119595
121411
123050
121205
118397
115944
114983
116633
118365
120160
121716
119630
116490
114475
113741
116637
118394
120175
121736
120189
117546
115430
114495
115333
117058
118835
120606
122160
116916
114655
114140
115510
117241
119010
120790
121821
118900
116385
113977
114968
116695
118461
120230
121115
118420
115881
113905
113586
115030
116765
118525
120312
118292
115738
114021
113325
114321
116070
117835
119630
120846
118125
112617
112361
113848
115585
117371
119136
119964
117133
112410
111275
112137
113829
115542
117308
118368
116088
111226
111085
112636
114350
116080
117790
117976
114985
112395
110340
111456
113130
114829
116531
117070
114395
111906
110297
111839
113520
115235
116940
117106
114015
111435
109872
110750
112430
114136
115885
116997
114439
111540
109380
109025
112110
113790
115490
116651
114350
111735
109926
110486
112174
113871
115615
116125
112506
109610
108565
111140
112800
114481
116045
114705
111625
108066
108495
110075
111711
113395
114975
113511
107735
106960
108201
109830
111540
114626
112730
110095
108021
106790
108630
110286
111940
113385
111541
108625
106235
107516
109151
110794
112440
110565
108329
106781
106230
107085
110325
112006
113260
111081
108115
106076
106949
108536
110170
111815
112391
109515
105471
104800
105685
107250
108860
111960
110381
107470
105370
105695
107281
108910
110575
112121
107395
105210
104026
104290
107336
108920
110495
109705
106891
104250
105310
106906
108515
110165
111685
107340
104840
103351
103360
106319
107871
109475
110160
107256
104690
103079
104530
106081
107650
109250
106988
104885
103421
103365
106310
107890
109511
110090
107365
103155
103350
104820
106411
109575
109220
105946
103585
102165
103586
105135
106720
108516
104984
101785
100040
101465
102955
104486
101853
94935
86480
85330
87365
88646
90921
87824
80545
79301
81594
82790
84710
81800
75915
74271
76336
78550
79560
74191
70930
72349
73386
75560
75850
70650
69151
70901
72946
74007
73331
69316
68930
70890
72921
73560
70875
68016
68450
70410
72481
71595
67940
67800
69745
71795
72960
68419
66834
68475
69445
71444
71565
67436
66595
68495
70455
72363
68730
66620
67626
69565
71571
70971
67010
66300
67645
69589
71580
69720
66446
66685
68632
70580
71760
67371
66237
68075
70031
71045
71736
67530
66685
68567
70551
72240
68029
66435
68210
70215
72245
72125
67940
67225
69065
71080
72851
68375
66710
68460
70440
72485
71011
67405
67396
68356
70350
72380
69765
66690
67245
69191
71210
72890
68535
66265
67487
69465
71490
72340
68780
66055
66990
68951
70955
71691
67029
65295
66780
68685
70660
68781
65591
65880
67780
69710
71430
67057
64905
66121
68020
69955
69490
65321
64911
66769
68721
70620
67045
64714
65791
67720
69701
69980
65826
65171
66085
67960
69911
69160
64667
65984
67925
69905
70635
65135
65301
67180
69110
70801
69035
65530
66391
68295
70251
68761
65765
65880
66840
68810
70805
68100
65465
66179
68070
70035
70016
66115
65625
67495
69440
71275
67351
65455
66685
68615
70590
68903
65570
65776
67655
69615
71251
66755
64925
66321
68275
70229
69493
65830
65436
67315
69270
71125
67005
64885
65875
67755
69730
69466
65750
65205
67021
68950
70840
67085
65070
66190
68109
70065
69635
65926
65445
67335
69306
71160
67177
65099
66295
68220
70154
69340
65640
65516
67350
69340
70944
66650
65060
66600
68540
70540
67386
64930
66946
68915
70820
67311
65335
66455
68392
70395
69486
65861
65741
66684
68601
70600
69230
66095
66270
68180
70131
70745
66520
65551
67430
69396
71266
69935
66090
66596
68520
70481
69510
66130
66155
67096
69031
71002
69150
66233
66510
68411
70410
70778
66746
65935
67825
69810
71737
70819
66060
66965
68866
70815
71750
68195
65730
66845
68746
70736
70840
66640
65511
67245
69166
71119
68706
66076
66665
68595
70611
71000
66892
65900
67615
69565
71481
68280
66180
67481
69463
71465
69940
66820
66810
68725
69705
71655
69141
66900
67865
69825
71865
70880
67850
67520
69440
71465
71958
67981
67285
69135
71132
72324
68380
67375
69111
71091
72114
71055
67600
67801
69750
71805
72181
69660
67420
68380
70340
72370
70336
67490
68210
70166
72225
71069
68055
68210
70160
71176
73155
69675
67871
69415
71385
73351
69895
68080
69355
71390
73435
70535
68130
69364
70370
72430
73190
69130
68640
70591
72656
73460
69026
68284
70281
72330
73365
71395
68830
69485
71485
73520
74025
69889
68425
70127
72190
73881
69765
68560
70325
72370
74251
72820
69075
69006
70986
73056
72680
69220
69090
70065
72110
74170
71360
68745
69799
71820
73895
74570
70620
69260
70960
73015
74830
72960
69355
69360
71335
73375
73490
69948
69991
70985
73030
74975
70840
68550
70041
72050
74125
71507
69065
69736
70730
72815
74222
69977
68679
70560
72620
74670
74345
69651
68560
70385
72406
74470
71645
68770
69670
71701
72740
74770
71011
68535
69440
71435
73490
74075
69510
67850
69620
71687
73767
70725
68156
68745
70755
72796
73695
69970
67729
68960
70925
72980
72375
68680
68141
70060
72050
73076
71695
67845
68575
70556
71574
73506
69980
67410
68356
70329
72388
73387
70695
67760
68656
70686
72731
74415
69952
68373
67781
69735
71750
73601
69629
66986
67300
69255
71285
73321
70438
67485
67754
69695
71676
72680
70262
67296
67970
69905
71945
73334
68986
67719
67841
69790
71800
72811
68475
67325
69170
71119
73140
70475
68009
68830
70800
72860
73105
70685
68345
69554
71570
73625
72936
69170
68755
70695
72775
74295
69878
68370
70205
71196
73251
73656
69130
68170
70035
72105
73160
73280
69171
68720
70675
72701
74590
70426
69215
68955
70940
73020
74141
69916
68626
70515
72521
74476
73104
69200
68750
70655
72675
74115
69700
68020
69810
71791
73806
70455
67940
68830
70815
72841
73790
70095
67634
68945
70925
72990
71776
68324
68221
70175
72191
73215
70475
67330
67990
69955
71980
72651
68565
67716
69605
71677
73505
71841
67810
68385
70360
72450
72924
68666
67730
69589
71640
73445
71740
68200
68930
70920
72985
72785
69160
68856
70835
71865
73919
70426
67480
68361
70320
72350
70980
67520
67360
69305
71300
71780
67410
66195
68000
69990
72010
69141
67270
68330
70281
71305
72555
68196
66661
68425
71411
72384
69554
67315
68170
70127
72140
70251
66970
67156
69081
71075
72195
68260
67131
68840
70815
71825
72210
67840
66709
68555
70550
72555
69255
66641
67091
69021
71000
71101
67190
66275
68126
70115
72010
70902
67460
67332
69260
70260
72046
68496
66500
67885
69890
71920
71020
67856
67470
69359
71346
73096
69208
66970
68192
70146
72190
70435
67700
67899
68900
70892
72855
69720
67285
68545
70545
72567
70930
68190
68505
70445
72465
73255
69065
67965
68902
70880
72945
72347
68835
68400
70355
72425
73220
68890
68088
70025
72070
73110
72060
68821
68850
70805
72845
73061
68919
68260
70193
72226
73676
71324
68431
69140
71145
73246
72140
68535
68926
70905
72970
73976
70480
68575
69680
71659
73725
71725
68635
69045
71030
73080
73360
70550
68230
69355
71365
73455
71281
68280
69175
71192
73260
74025
69715
68405
69985
72036
74075
70655
68221
69464
71480
73541
71375
68741
69500
71515
72570
74371
70015
68190
69835
71865
73920
70914
68565
69540
71535
73595
70761
68985
68076
69979
72034
73650
69081
67474
69085
71081
73005
69531
66856
67965
69904
71941
72115
67440
65810
67495
69455
71406
67795
65256
67115
69045
70932
70034
66360
65816
67669
69623
71372
68780
69385
71383
73455
75602
77789
78891
81102
82264
84677
87176
88430
89735
92415
93800
95221
98122
99603
101087
102609
105736
107325
108950
110601
112240
113895
115585
117341
120880
122736
124625
126555
128486
130480
132521
134579
136681
138815
141050
143271
145555
147876
150185
152445
150496
146735
143535
142361
143945
146205
148491
150800
150161
146785
144260
142481
142650
144751
146965
149266
151220
148815
146600
144461
144075
145835
148126
150445
152777
152839
149615
147011
144790
144836
146895
149180
151522
151389
146280
141711
138895
138936
140990
143240
145506
146975
142891
137950
134095
131481
131505
133470
135560
137641
137650
133665
130436
128235
128262
130079
132105
134135
135796
132850
129190
126611
124895
124810
126540
128486
130480
132006
128955
125412
122505
121444
122712
124588
126523
128448
129156
122640
120695
120081
121335
123195
125046
126930
127360
123893
120778
118930
119088
120849
122719
124581
126346
124624
118148
116673
116646
118255
120055
121875
123326
121130
118235
115616
116915
118685
120456
122255
123130
120715
118726
117095
117344
119115
120906
122745
123631
120904
118495
116996
117155
118805
120621
122485
124355
125611
123205
120545
117580
118600
120396
122220
124100
124856
121870
119230
117460
117446
119140
120935
122791
124640
121020
118560
117179
116877
118214
119995
121805
123633
124005
121133
118185
116845
118600
120361
122195
123760
121686
118770
116636
115980
117680
119446
121235
122485
119895
116686
114426
114279
117665
119465
121255
120717
117519
115080
113576
113035
114225
117706
119465
120475
117766
114735
112467
111909
114975
116675
118431
119145
116215
114106
112351
112115
113796
115530
117305
118781
116635
113355
110437
109136
110721
112394
114115
115830
116051
113005
108657
107854
108735
110385
113726
115070
113175
110412
108314
108271
109920
111600
113305
114946
114080
111295
107781
107520
108765
110395
112021
115001
112665
109225
106765
105910
107091
110344
111975
113496
112181
108769
106021
103980
105395
106986
108615
111829
111040
107295
104005
101575
102970
104550
106121
107740
110886
110015
105710
102616
99300
100357
101868
103411
106505
107730
105711
102455
98609
99391
100865
103860
105386
106920
107715
101431
99040
97801
99866
101320
102795
104291
105700
101121
98185
96035
96375
97817
100731
102211
103284
101470
95939
94376
94490
97220
98641
100056
100852
97994
93636
93854
95221
98080
99495
100920
100476
95550
93937
94970
96375
97796
100504
99175
96240
92401
93020
94404
97256
98699
100105
96025
93391
91619
92050
93396
96166
97590
98825
95041
92772
91903
93216
94580
97335
98730
99691
94140
91860
91511
92855
95656
97086
98446
95336
92752
91081
92389
93786
96660
98095
96380
93660
90099
90471
93231
94661
96141
97940
95721
91720
91380
92601
95495
96965
98470
95880
92441
91960
92955
95895
97411
98920
96864
94141
91805
92996
94446
97400
98901
99580
94625
92980
93075
94510
95960
98895
99341
96809
92995
93015
95696
97145
98565
100010
97357
95376
93436
94290
95645
98495
99957
99970
94896
93275
93000
95670
97111
98585
99705
96985
93915
93840
95051
97840
99260
100710
102171
105211
106790
108390
109980
111585
113241
114926
118416
120195
121990
123855
125756
127685
129601
131590
133605
135631
137735
139907
142124
144365
146645
148962
151304
153615
156016
158490
160981
163597
166234
168925
171546
174225
176950
179736
182585
185471
188425
191471
194585
197695
200938
204224
207560
210866
214220
217711
221280
224966
228720
232546
236481
240460
244446
248516
252721
257095
261602
266169
270806
275596
480535
285586
290846
296230
301691
307276
313016
318966
324935
331106
337416
343891
350531
357451
