1009408
985927
1054153
1134952
1235199
790038
454120
382351
371376
359312
357780
279335
212086
182010
169781
169795
172741
173550
158926
144495
134010
126865
122461
122440
124396
126395
127660
121975
114311
108330
104590
106166
107820
109500
109100
104127
99854
94940
95681
97115
98615
100674
97240
93350
89081
89830
91165
93946
94895
92391
87130
85826
87590
88910
90238
90870
87580
84780
82941
83994
86517
87819
88946
84899
83132
82890
84135
85436
88000
87985
85200
81081
80819
83200
84466
86946
86469
83926
80826
81796
83010
84285
86750
85961
83135
79785
80247
82646
83881
86096
84179
80360
79751
80464
82895
84175
86231
84175
81540
79045
80035
82450
83685
84860
82410
79420
79210
80241
82640
83872
84866
82230
79385
79994
81196
83655
84890
81981
80165
78631
79558
81915
83125
83831
80915
77405
77685
80000
81210
83535
82256
78455
77626
79366
80575
83037
83923
79475
77525
77480
79875
81100
82340
81591
79520
77810
79816
80985
83386
83914
81526
77636
78125
79301
81701
82881
82171
80500
79055
79561
81885
83102
84328
83410
80840
78390
79292
81645
82885
84206
81730
79036
78878
81050
82265
84691
84285
81705
78632
80431
81630
82840
84601
82366
79045
79066
80205
81395
83862
84324
79135
77261
77425
78547
80885
82066
81224
79180
77424
78210
80545
81756
83951
82435
78035
77085
78784
79970
82415
83611
81111
79579
78600
79660
82096
83309
84546
82140
78036
77635
79745
80935
82131
84202
82383
78814
77951
79550
80745
83186
84245
80201
78245
77350
78515
80891
82105
82775
80105
77650
77565
79712
80909
83280
82795
80117
76922
78240
79437
81854
83045
80182
78834
78045
79072
81446
82660
83331
80254
76865
76865
79056
80220
81435
82830
80452
77585
77470
79590
80780
83180
83520
78585
77095
77850
79016
81410
82635
82401
80095
77775
78352
80710
81910
83840
81612
77630
77110
79266
80440
82825
83676
79462
78153
77780
78886
81204
82385
82641
79925
76687
77083
79400
80565
82930
82471
78451
77409
78496
79650
82036
83219
79680
76260
76309
78520
79710
82141
82705
78670
77525
77806
78946
81346
82564
82726
77945
76026
77055
79325
80485
82060
79990
77085
76675
78695
79875
82230
82366
77585
76205
77140
79435
80601
82297
80239
77315
77051
79100
80271
82673
83187
78575
77150
77625
78800
81132
82309
80730
78895
77624
79500
80660
83045
83330
78700
77145
78429
79605
82052
83259
80140
78542
77660
79881
81049
83391
82730
79876
76845
78455
79610
82056
83165
79377
78149
77441
78530
80855
82071
80940
76821
76390
78465
79635
82051
82665
78390
77355
77386
78510
80865
82075
80670
77000
76666
78735
79880
82279
83065
78749
77520
77155
78240
80565
81762
81040
77201
76780
78800
79980
82379
83396
79753
78280
77115
78170
80494
81681
82735
80155
77046
76890
79005
80165
82581
83310
79441
78525
78530
79650
82016
83245
82776
79984
77290
77825
80151
81350
83645
82016
78156
77220
78575
80951
82165
83320
79544
76690
77155
78295
80636
81820
82495
79801
77140
77882
79033
81405
82586
83174
78351
76076
77001
79306
80484
82285
80226
77093
76600
78610
80976
82176
80646
78215
76245
77185
79490
80655
82999
81824
77740
77106
78214
80585
81790
82486
79720
77736
77115
79360
80550
81745
82688
80022
77069
77030
79250
80465
82880
82981
80355
77107
78375
79540
81891
83045
82310
78250
77309
78246
80551
81759
83006
80022
76472
76409
78600
79765
82160
82406
77730
76790
77395
78550
80885
82061
81325
78680
76146
77960
79085
81470
82639
79461
77964
76936
77980
80305
81485
82800
80295
76545
76566
78760
79935
82281
81750
77745
76815
77875
80162
81345
81560
78825
76580
77276
79570
80765
82406
79885
76940
77250
78385
80755
81935
79995
77835
76185
77181
79485
80660
82561
80640
77175
76894
78015
80336
81524
81355
78725
76161
76730
79021
80213
82636
82275
78161
76711
77665
79950
81146
82355
79760
76237
76174
78331
80655
81841
80515
78570
76786
77285
79565
80710
82935
81705
77466
77295
78450
80794
81980
83070
79690
77369
77601
79816
81006
82226
82395
79680
76705
76960
79220
80387
82736
82299
78090
77050
77690
79956
81126
82475
79955
76635
76527
78673
81007
82179
82024
78035
76960
77820
80161
81370
82370
79450
76415
76590
78816
80010
82294
81311
77436
76800
77851
80199
81405
81655
78895
76350
76795
79070
81485
82475
78556
77515
76950
78000
80296
81490
81540
78846
76055
77579
78720
81075
82200
78666
77430
76760
78981
80150
81331
81752
78983
75995
77405
78546
80895
82017
78868
77611
76854
78985
80151
82470
81660
77491
76610
78311
79478
81860
82820
78495
76845
77310
79570
80726
82790
80845
76696
76992
78128
80492
81703
80290
78270
76771
77510
79815
80991
82159
79389
76010
75825
77960
79165
81550
82000
77992
77164
77810
78965
81355
82520
79761
76891
77115
79416
80610
82970
82220
78201
77280
78210
79340
81716
82849
79540
77895
77685
78815
81195
82416
81834
79410
77165
78470
79635
82000
83190
80128
78142
77010
78096
80426
81615
82620
79915
77334
76911
78786
79951
82300
82845
78341
76860
77231
78369
79521
81860
82245
78011
77160
77666
78789
81120
82305
81076
78782
76525
78480
79646
82020
82445
77921
76845
77125
78255
80655
81860
81157
78729
76830
78785
79921
82271
82599
79865
77005
77246
78374
80716
81904
81291
78895
77030
77827
80146
81340
82695
79840
77615
77345
79132
80289
82720
83415
78360
76920
77340
78475
80890
82110
80260
78421
76910
78791
79951
82362
82508
79790
76445
77515
78655
80985
82145
78808
77551
76800
78918
80083
82320
81032
76926
76375
78250
79425
81805
82345
78119
77071
77140
79410
80596
82341
80119
76421
76090
78179
79345
81670
81461
77687
77049
77940
80272
81471
81695
79070
76416
76805
79144
80340
82555
81130
77525
77030
78155
80506
81700
81236
78694
76631
77354
79696
80890
82100
80190
77100
76690
78651
79801
82176
82410
77619
76295
77295
79590
80771
81310
78715
76596
76540
78645
79815
82146
81285
76595
76215
77365
79695
80910
80863
78475
76581
76900
79175
80370
82394
80210
76019
75620
77660
78815
81186
81665
77530
76563
77015
79305
80480
81816
79260
75916
75935
78151
79324
81690
81446
77485
76416
77340
79664
80866
81501
78544
75625
76007
78260
79405
81751
81550
77675
76735
77481
79799
80955
81311
78445
75920
76451
78760
79925
82155
80776
77100
76525
77581
79900
81089
81316
78482
75935
77546
78700
81035
82025
78245
77207
76930
78026
80365
82422
80665
76690
76176
78042
79179
81527
82194
78210
77111
77345
78471
80840
82035
79776
77616
76440
78676
79845
82205
81305
77641
76869
78045
79206
81585
82677
78816
77075
76822
79081
80260
82355
80521
77251
76504
78140
79310
81660
82720
78680
76862
77070
79395
80580
82365
80295
77200
77188
78335
80690
81880
79733
77662
76520
77565
79870
81065
81570
78966
76755
77710
78865
81260
82410
78736
76400
77022
79354
80542
82656
80724
77291
76520
78086
79265
81635
82595
78125
76485
76735
78989
80165
82200
80346
77130
76700
78605
79776
82184
80021
77864
76274
77221
79520
80711
81555
78930
76647
77740
78905
81296
82426
79100
77385
76854
79141
80320
82457
80685
77379
76641
78305
79490
81826
82230
77835
76330
77380
79770
80945
81560
79110
77007
78250
79396
81775
82607
78164
76710
76875
78035
80365
81556
79765
78045
76819
77615
79896
81069
82201
79540
76250
77461
78595
80900
81936
78340
77100
76715
78980
80145
82115
80096
76419
76026
78004
79145
81505
81720
77510
76375
76701
78996
80168
81555
79231
76155
76235
78441
80792
81823
78256
77300
76998
78096
80436
81629
80411
78220
76485
77380
79736
80915
82030
79402
77102
77952
79108
81490
82585
79021
77540
77585
78730
81116
82344
80605
78740
77325
78145
80420
81601
82475
79900
76807
78106
79249
81645
82745
81575
78036
77735
78855
81236
82425
80787
78698
77050
77956
80292
81489
82800
80390
77884
77650
79794
81005
83310
82151
77545
77160
78290
80595
81766
80368
78635
77190
77895
80190
81376
82630
80120
77070
78175
79330
81715
82806
79590
78377
77825
78910
81275
82500
81215
78840
76815
77586
79910
81110
82740
80455
77710
78126
79260
80440
82794
82076
77360
76536
77645
79940
81120
80732
78379
76673
78260
79405
81780
81877
77735
76465
77199
78321
80655
81126
78740
76575
76620
78826
81235
82235
81181
77360
77255
78391
80715
81902
79906
77935
76577
77373
79676
80834
82525
80322
76540
76065
78069
80370
81535
79161
77660
76926
79081
80265
82590
81910
77270
76165
77655
78791
81141
82231
78791
77705
77110
79341
80520
82531
80614
76985
76395
78285
79460
81900
82190
77820
76665
77535
79806
80990
82210
79370
76115
76971
78101
80420
81595
78675
77466
76775
78981
80135
82300
80670
76551
75950
77813
78955
81305
81695
77665
76930
77617
79911
81099
81520
78825
75960
76391
78655
79805
82025
80765
77429
77355
78470
80855
82076
79345
77245
76212
77289
79615
80795
80963
78683
76995
77410
79658
82026
82995
78678
77141
77421
78610
81014
82210
81160
79170
77277
77724
80015
81205
83030
80516
76647
76273
78384
80696
81884
79225
77705
76851
77889
80241
81439
81946
79210
76555
78066
79240
81625
82501
78246
77133
76949
79229
80415
81695
78995
75798
75870
78073
79206
81510
80495
76811
76030
77165
79465
80675
79973
77530
75562
76283
78551
79695
81460
79256
76470
76630
77740
80103
81275
79218
77166
76027
78195
79375
81686
81024
77601
77235
78330
80678
81868
82875
78920
76455
77140
79415
80595
82490
80515
77491
77461
78584
80941
82120
79864
77949
76932
77994
80305
81481
81324
78800
76923
77378
79610
80757
81944
80100
76920
77115
79337
80488
82771
81605
78050
77200
78506
79664
82100
82475
77760
76715
77825
80145
81335
81511
79245
77253
77425
79620
80790
82855
81156
77335
76875
78959
80155
82535
82686
78325
77175
77560
79872
81043
82315
79601
76515
76595
78807
79974
82265
81570
78130
77200
78135
80420
81620
80751
78400
76515
77255
79576
80775
81735
79151
76810
77103
78221
80550
81697
78830
77011
75929
78125
79276
81500
80535
77046
76292
77520
78646
80975
81930
78094
76270
77040
79366
80540
81510
79126
76985
76775
78825
81191
82320
78489
76926
76979
78082
80431
81605
79247
77633
76490
77355
79634
80807
81617
77226
76325
77880
79020
81395
82086
78139
76716
77390
79700
80905
82046
79455
76785
77035
79250
80415
82630
81131
77635
77207
78299
80635
81827
81101
78716
76705
78671
79816
82210
82165
78190
77431
78380
79540
81910
82995
79020
77710
77750
80095
81285
82541
79929
77585
77370
79360
81760
82905
79871
78360
77970
79125
81520
82740
81201
79429
78045
78770
81144
82372
82630
79745
77436
79166
80339
82730
82760
80380
77851
78140
79280
81676
82675
78686
77474
77891
79040
81420
82571
79743
78472
77770
78770
81131
82349
82251
79844
78301
79170
81530
82745
83661
81190
78645
78311
80385
81620
83976
82955
78835
78185
80131
81310
83600
82487
78790
78000
79276
80440
82815
83342
78605
77250
78199
79375
81750
81106
79081
77320
77812
80110
81295
82375
79625
76845
78295
79455
81835
82610
78975
78036
78295
80640
81815
82531
79741
77206
77620
79924
81120
82640
80350
77876
77760
79945
81127
83286
81860
77895
77317
79265
80450
82781
82220
78352
77628
79080
80250
82600
83136
78840
77736
78835
81200
82370
81716
79421
77870
78500
80810
82005
83423
79005
77700
78870
80016
82390
83050
78921
78005
78463
79600
81980
83071
79615
77921
77959
79090
81441
82610
79884
78405
77765
78840
81190
82386
80595
78485
77391
78435
80840
82071
81045
79081
77840
78565
80920
82125
82661
80135
77607
77909
80210
81425
83176
80915
78101
78731
79900
82350
83436
79770
78150
77997
79144
81515
82710
80006
78615
77509
78440
80825
81996
81014
78641
77155
78110
80450
82835
82642
78515
77575
78561
79726
82115
82736
78620
77590
78685
81031
82255
81272
79198
77790
78445
80750
81941
82650
78301
77305
78760
79905
82291
82425
78875
78105
78810
79990
82405
83356
79635
78151
79090
81486
82690
83646
80150
79205
79130
80261
82625
83805
80731
78800
78650
79830
82242
83468
83781
83270
83340
85100
86356
88933
89900
88716
86331
86539
89076
90415
91770
91096
89725
88890
89761
91125
92535
94797
92924
90725
89587
90824
92180
95005
94885
92576
89826
89909
91166
92565
95418
95223
92486
89455
90115
91481
94220
95512
94669
92620
90406
90940
92285
95105
96271
94805
92295
90041
91120
92480
95350
95728
93413
91640
90221
91300
92665
95521
95730
93355
91111
90586
91966
93369
94740
94665
92416
90924
90500
91825
93200
94615
94735
92020
90282
90610
91970
93360
95615
93457
91268
89509
90320
91666
94383
95438
93666
89482
89314
91844
93205
94570
94750
90836
89895
89890
91111
93850
95265
95340
92770
89455
90045
91400
94159
95505
94726
90696
89789
90051
92690
94085
95416
94834
90165
89170
91196
92565
93945
94975
91185
89995
89477
91596
93005
94410
95500
90875
89095
88620
91027
92413
93825
94590
90747
89573
89180
91505
92880
94290
95006
90247
88758
88757
91326
92694
94085
94291
90260
89200
89100
91635
93001
94390
94810
90610
89680
90066
92785
94187
95578
94921
90320
89111
90370
91760
93140
94275
91675
89511
89134
90464
93180
94461
93547
89424
88431
88604
91195
92580
93886
90888
88981
89025
90330
91670
93066
92495
90140
88871
88685
89980
91330
93925
92730
90020
87425
88415
91107
92484
93522
90015
88641
87935
89884
91230
92611
92293
89836
88125
88576
89926
91309
93615
91670
89595
87995
88890
91546
92930
93952
92048
88060
87835
88930
91630
92995
93940
90384
89195
88686
90881
92235
93615
92811
90220
88705
89650
91026
92415
94727
92909
90995
89424
90391
91720
94545
95361
93005
88780
88830
90066
92805
94196
94170
89925
88870
88850
91371
92748
94137
94054
89215
88330
90320
91697
93088
92730
90470
89090
89057
90384
93099
94200
92785
88545
88096
89115
91780
93160
93851
89696
88604
88216
90571
91949
93336
91755
89345
88151
89330
90660
93387
93404
91196
88711
88865
90125
92918
94298
94650
89431
88054
88182
90840
92231
93565
90615
88990
88122
89420
90770
93566
94040
91560
89120
87911
89199
91961
93336
93444
91000
88196
88205
89400
92099
93510
93795
89096
87965
88455
91106
92505
93815
93055
89176
88355
89950
91292
92659
93430
90437
88330
88300
89640
92331
93358
91750
88271
87585
88286
90996
92375
93480
89486
87740
87365
89756
91125
92495
91383
89126
87640
88536
89874
92560
93495
91575
87695
87490
89984
91330
92665
90986
89005
87890
88832
90179
92965
93510
91151
87163
87215
88466
91110
92490
93005
88790
87740
87295
89501
90840
92200
90780
88425
86929
88120
89445
92120
92285
90101
87245
86882
89205
90550
91907
92839
88250
86805
87866
89190
90535
92656
90320
87865
85475
85976
88543
89875
91216
88685
86275
85231
86395
87682
90266
91236
86846
85434
84566
86026
87338
88661
90740
88210
84096
83985
85067
87626
88910
90085
86775
85596
85405
86660
87931
90555
90495
87871
84600
85225
87781
89080
89531
87175
85700
84925
86110
88680
90000
87751
85595
84605
86200
87520
90190
89970
87745
85500
85672
86839
89460
90770
88590
85960
84635
85950
87211
89780
90255
87932
85107
84983
87370
88646
89930
89067
86769
85419
86592
87884
90505
90275
85980
80471
79180
80899
82101
83136
78759
74155
75005
76105
78411
76120
73685
71946
73645
75840
76932
73691
70490
71531
72595
74715
73170
70150
70336
71309
73395
74460
72301
69335
70116
72192
73254
73095
69831
69419
70690
72770
74639
73056
69220
69666
71720
72770
73026
69576
69005
70185
72296
74295
73006
69299
69525
71543
72576
73720
70266
69755
70606
72705
74686
73455
69760
70065
72101
74201
74169
70571
69755
70602
72666
74695
73290
69088
69311
71337
72388
73164
69720
69220
70226
72335
74341
73024
69285
69386
71440
72505
73935
70156
69400
70200
72245
74265
73260
69535
69476
71545
73680
74087
70415
69645
70445
72510
74565
71606
70095
69915
71968
74105
74675
71295
70291
72035
73105
75231
72469
69959
70059
72105
74215
74150
70265
69485
71386
72435
74529
74270
69961
69330
71349
73455
74260
70775
69370
69770
71763
73911
74870
71085
69417
70920
71975
74090
72396
70769
69875
71616
73762
74823
72254
69675
70905
71965
74120
72989
70221
70015
71745
73881
75355
73131
70175
71015
73065
74130
74440
71105
70931
71910
74055
75380
72956
70225
71245
73341
74410
74260
71126
70745
72105
74275
75381
73420
70356
70230
72140
74264
75277
72210
70775
71365
73435
75575
75571
71276
70565
72595
73686
75515
72380
71676
72371
74542
76666
76140
71726
71330
73405
74484
75440
72025
71415
72286
74476
76506
75039
71096
71512
72578
74701
75495
73260
71346
72355
74487
75594
74640
71285
71862
72925
75085
74936
72600
71122
72496
73575
75759
75585
71261
70860
72885
73960
75590
71590
70610
71380
73470
75606
75260
70881
70455
72520
73585
75311
71865
70938
71722
73821
75885
71947
70628
70975
73020
75105
74729
71389
71055
72010
74171
75826
71215
70300
71361
73440
75511
74849
71405
70755
72730
74860
75280
70875
69985
70895
72965
75023
71910
70301
70780
72810
74910
75675
71510
70340
72276
74386
75439
72886
70910
72061
73119
75320
73832
71633
70500
72410
74552
75604
72600
71030
71336
73360
75565
73525
71415
70560
72566
74740
75695
72261
70870
72495
73570
75690
73405
71730
71230
73310
75460
76305
72590
70960
72560
73605
75739
72700
70195
70420
72481
74620
75530
72040
70610
72230
73290
75430
72730
70636
71095
73150
75306
75535
71730
70852
72790
73892
75755
71515
70280
71095
73216
75402
72890
71540
71035
73055
74126
76095
72390
71177
71780
73925
76076
75935
72101
71460
72391
74530
76483
74758
71005
71230
73310
75420
74980
71426
71072
73128
74222
75920
71755
70925
71850
74015
76140
74915
71600
71676
73780
74870
75881
73355
71010
72390
74517
75593
74870
71735
72056
73099
75269
75820
73266
71231
72700
74828
75955
74020
71475
72032
73068
75220
75526
72690
70595
72042
74195
75310
74325
71430
71150
72935
75090
76121
72530
70670
72342
73383
75576
73975
71387
71138
73000
75160
76185
72760
70750
72491
73580
75758
74116
72530
71635
73585
75734
76640
73021
71381
73140
74205
76341
73685
71451
71494
73495
75695
76200
72300
71491
73526
74580
76487
72980
71471
71919
74015
76175
75575
71384
71196
72205
74344
75446
73340
71135
72061
74215
75290
73781
70940
72166
73229
75395
74415
72560
71480
73104
74202
76331
72980
71575
71781
73909
76055
75934
72591
72061
73035
75195
77010
75151
71754
72565
74716
75795
75470
72645
72855
73921
76104
76195
73625
71948
73871
74964
77091
73820
72252
72673
74786
77005
77097
72926
72495
73552
75770
77226
75201
72675
73324
75471
76579
75855
72336
72199
74155
76354
77245
73789
72350
72845
74986
77165
76850
72521
72555
74685
75795
76890
73115
72375
73095
75241
77216
75595
71788
72641
74809
75895
75515
72405
71890
73472
75655
76765
74482
72170
73570
74640
76855
74750
73170
72141
73971
75034
77195
73995
72620
72770
74900
75965
76911
73120
72437
73317
75469
76575
75372
72280
72225
74275
76471
77230
73324
71994
73795
74870
76976
74025
72860
73205
75390
76475
76550
73235
72700
74011
76164
77270
74855
72416
74025
75125
77331
75242
73473
72561
74614
75690
77576
73425
72285
73319
75525
76632
76048
72920
73330
74420
76675
76400
73811
72506
74503
75610
77724
76806
73045
72805
74975
76085
76565
72215
71775
73566
75765
76850
74430
72155
72200
74175
76360
77100
73051
72205
73170
75325
77241
73485
72582
72925
75090
76175
75836
72075
71725
73585
75774
76806
73665
71941
72477
74626
76766
73897
72199
72036
74145
76311
76540
72735
72061
73005
75155
77180
75710
72130
72585
74755
75846
76210
72621
71891
73140
75305
76401
75235
72358
73326
74425
76620
75726
73512
72165
73971
75087
77190
74070
72830
73075
75240
77461
77394
73445
72945
73975
76197
77782
75529
72525
73620
74721
76921
76231
73975
72557
74315
76525
77525
73949
72260
72985
75112
77375
77490
73615
72642
73485
75635
76746
75540
72532
73470
74550
76741
76426
74220
72930
74811
75930
77985
73896
72790
73410
75620
76746
77770
73625
72754
73846
76041
77165
75285
72622
72974
75095
77265
77541
73460
72805
73725
75885
77770
75870
72630
73550
75695
76816
76550
73196
72730
74410
76574
77565
73840
72560
73380
75575
77405
75646
72550
73146
74204
76395
75645
73600
72985
75044
76146
77535
73521
72884
73940
76130
77260
75757
72955
74041
75120
77350
75710
73910
72910
74895
76000
77905
76210
73185
73920
76110
77216
76370
73105
72805
74621
76835
77892
74541
72930
74766
75870
77920
76610
73369
73380
75522
76613
77461
73610
73061
74604
76795
77835
74735
73025
74041
75130
77335
75496
73630
72955
75041
76130
77153
74831
72726
73375
75534
76635
75685
72610
72582
74605
76780
77595
74385
72680
73211
75370
77560
77350
73191
73080
75200
76296
77445
73576
72835
73602
75770
76886
76165
72760
73311
74416
76600
77620
74695
72951
74036
75115
77362
75706
73605
72575
74621
76810
77455
73826
72865
73520
75696
77865
76966
73223
73590
74680
76896
76711
74430
72695
74071
75185
77410
75066
73366
73138
75257
76359
77221
73390
72921
74200
76391
77500
75620
72666
72869
74905
77060
77690
73775
72885
73750
75905
77857
76419
73175
74045
76223
77323
76520
74295
72851
74500
75600
77796
74590
73220
73291
75455
76565
76959
73045
72340
73742
75905
77010
75633
72815
73065
75185
77391
77485
73605
72880
73795
76000
77576
75330
72540
73815
76005
77140
75249
72685
72520
74395
76585
77405
73748
72778
73226
75381
77450
76255
72980
72870
73924
76120
76199
73810
72285
74045
76219
77216
73586
71995
72420
74510
76675
76685
72960
72940
73964
76170
76860
74350
72437
73541
75730
76860
75220
73500
72953
75020
76096
77155
73446
72831
73726
75935
77056
74915
72215
73525
74595
76800
75281
73520
72515
74346
75447
77350
73946
73170
74420
76586
77670
75534
73012
72941
74890
77154
77951
73820
73087
75175
76275
77975
75876
73235
74045
76221
77356
76510
73030
72940
74960
77161
77815
74085
72906
73685
75840
77860
76716
73345
74026
75150
77395
76225
73195
72860
74540
75630
77805
74365
72661
73410
75575
77694
76700
73013
72906
73975
76170
76979
73015
72320
73945
76140
77205
74669
72595
73946
75050
77282
77339
73500
73595
74692
76915
77406
74842
72605
73760
75900
77005
75118
72522
72738
74818
75936
77607
73740
72796
72842
74957
77100
76725
72801
72696
73745
75895
76909
74685
72575
73360
74440
76640
76151
74130
72645
74380
76589
77490
73870
72410
72860
74983
77185
76845
73171
73555
75737
76868
77066
74865
73235
74741
76910
77905
73936
72315
73156
75351
77430
76415
73395
73525
74597
76845
77277
74848
73010
74711
75789
77938
74626
73280
72990
75136
76220
77475
73475
72782
74090
76266
77310
74315
72585
74084
75150
77310
74295
72995
72792
73843
76015
77200
74930
72865
73765
75926
77060
76225
73150
73180
75250
77535
78181
74385
73216
74030
76230
78101
76465
73711
74780
75875
78113
75785
74211
73675
74665
76861
77975
75166
73174
74705
75790
77983
77491
74258
74020
75026
77271
78355
76191
74275
75920
77045
79010
75285
74395
74830
77045
78180
77959
74691
74559
76542
77664
79251
76995
74200
74745
76951
78090
77122
74948
74105
76177
78441
78609
74800
74112
75040
77255
78375
76826
74135
74235
76386
78658
78885
74815
73859
74809
77002
78805
76615
73601
74865
77056
78170
76060
73710
73697
75710
76832
78790
74980
73930
74633
76810
78701
77304
74525
75110
76185
78415
79205
75495
74445
76535
77676
78580
76285
74280
75556
77782
78918
77101
75405
75035
77262
78399
79145
76715
74620
75855
78086
79190
76475
75205
75556
77785
78920
77386
74870
74845
76755
77885
79386
75411
74715
76094
78326
79450
76950
75506
75187
77340
78505
79667
75475
74880
76471
78757
79855
76996
75310
76682
77819
80045
79331
75650
76064
77185
79481
79960
76225
75357
76289
78535
79665
77470
75003
75445
77670
79875
79241
75181
74484
75570
77791
78865
75476
73802
74654
76845
78871
77680
74585
74731
75820
78065
77731
75461
74396
75335
77580
79180
77012
74402
75240
76320
78565
79267
75615
74456
75391
77640
78796
77404
74872
74668
76615
78876
79519
75496
74651
75905
78125
79255
76375
74095
74205
76290
78531
79196
75485
74966
76020
78301
79454
77507
77292
78183
80516
81724
84176
84690
84805
85830
87101
89700
91040
92221
91586
91410
92034
94770
96195
97645
98406
96590
96855
98231
99730
102800
103562
102199
101140
100621
102740
104255
105815
107141
105846
103549
102885
104460
106095
107770
108916
106805
103311
102950
104155
105720
107331
108965
108680
103701
103355
104755
106351
107975
109635
109110
106371
102754
102925
104416
105990
107655
109095
107446
103215
103422
104909
106525
108100
109386
107600
103565
103061
104231
105814
107425
108976
108440
103296
102655
103795
105390
106996
108640
108970
106290
103060
103235
104671
106251
107845
109094
107181
102760
102906
104360
105955
107565
108835
106851
102625
101920
102831
104415
106000
107576
107815
105060
101721
102580
104115
105695
107312
107750
102856
101660
101585
102915
104447
106014
106191
103345
101510
101480
102810
104392
106019
107616
104767
102994
101995
102365
103866
105440
107065
106215
103400
102000
102431
103940
105555
107166
108486
104200
102485
101816
102795
104345
105941
107535
105535
103342
102579
103525
106661
108260
109020
106365
104261
102765
102396
105110
106690
108280
108046
105390
102995
102220
104806
106379
107981
108525
106080
103945
102652
103620
105190
106811
108470
108410
105515
102570
103625
105210
106806
108395
107990
105821
102909
103212
104669
106260
107900
109140
107186
102130
102165
103571
105170
106775
108241
106876
102480
101506
103705
105271
106862
107688
105360
102930
102080
103561
105144
106746
108165
106465
102542
101874
102831
104380
105975
107560
107940
105246
101237
101873
103386
104965
106560
105465
103115
101295
100497
101319
104376
105960
106660
104331
101744
101064
102565
104102
105664
106776
104919
101521
101060
102170
103735
105371
107010
104341
101865
100825
101565
103116
104681
107210
104936
102765
101282
100974
102146
105296
106865
106535
103610
101275
100641
101780
104988
106561
106230
103735
101697
100434
100555
103476
105035
106495
105160
102061
100155
101020
102541
104100
105697
105584
101610
100485
100686
102135
103715
105315
105756
102885
100930
100530
101731
104888
106496
106440
103991
102139
101091
102629
104200
105806
107375
106416
101095
100650
101872
103443
104996
106530
103174
101300
100325
100845
103906
105485
106700
104836
102030
100245
101511
103045
104620
106125
105301
103045
101425
101121
102610
104185
105786
107060
105385
101456
101450
102755
104325
105912
106620
103981
102180
101105
101265
102701
105842
107313
106011
103002
100983
100497
101683
104750
106360
106821
104760
102990
101672
102959
104510
106090
107676
107105
101435
100441
101292
102813
104396
106917
104698
102476
100910
100750
102020
105120
106712
106779
103685
100980
99725
101835
103375
104956
106225
104516
102119
99466
100220
101726
103274
104801
103170
100575
99266
99575
101000
102510
105554
104365
101701
99845
98815
100855
102385
103905
105270
103991
101025
98350
99431
100965
102490
104818
102434
99904
98075
97610
99050
100525
101996
103485
99675
97570
96640
97360
100310
101866
103355
102890
98190
96720
96330
97436
98880
101910
103041
100815
97826
95953
97158
98605
100105
101696
99089
96925
94934
95800
97245
98685
100167
100063
96980
95036
95271
96700
98155
99650
100970
97325
95590
94445
95450
96885
98330
99791
97270
95150
94266
96391
97864
99325
100826
98434
96225
94556
93874
94590
97440
98895
100370
100661
95600
94215
94095
96810
98260
99721
100790
96641
95224
94556
96580
98042
99529
101005
97541
95076
93974
94590
97415
98905
100000
96646
89581
87681
87636
90130
91460
91790
83777
81668
82410
83640
86140
85275
80240
78890
79920
82280
83412
79032
76276
77005
79294
80460
78735
75226
75542
76644
78897
79808
75316
73710
75701
76805
78347
76233
73472
74410
76596
77740
76660
72931
72639
74635
75720
77510
74030
73045
73575
75739
77885
76486
72320
72830
73875
76036
76131
73854
72011
73366
75535
76636
75890
72140
72785
73855
76045
75846
73610
71920
73519
74591
76821
75140
71470
71220
73115
75255
76335
73745
71709
71970
74071
76299
77245
73440
71516
73327
74403
76591
76420
73095
72925
74999
76086
77872
73240
72195
73272
75399
76495
76340
73025
72935
73985
76174
77835
75380
72306
73450
74511
76680
76250
74185
72748
74535
76695
77676
73295
71620
73535
74605
76789
73979
72541
72385
74477
76636
77415
73475
72150
73095
75270
77191
75480
72730
73334
75476
77610
77156
72696
72720
73791
75985
77441
75304
72855
73736
74861
77084
76104
73639
72361
74450
76671
77565
74210
72851
73680
75841
78031
77035
72762
73191
75325
76435
77015
73571
73115
74620
76821
77921
74500
72201
73770
74840
77019
74530
72905
72454
74525
75611
77679
73830
72470
73055
75195
77319
76620
73345
73371
74406
76646
77585
74665
72120
73655
74730
76938
75199
72829
72775
74770
76991
77949
73746
72462
73408
75571
77575
74101
73215
73485
75665
76781
77565
73207
72529
74145
76342
77390
74163
72390
73819
74887
77119
74831
72987
72656
74795
75906
77360
75290
72526
73405
75602
76709
75549
72207
73121
74195
76437
76016
73850
72459
73991
76190
77255
74066
71912
72493
74621
76795
76431
72670
72420
74430
75502
77335
73535
72650
73711
75885
77721
75965
73245
74070
75141
77372
76629
74196
73025
74882
75974
78010
76740
74011
74625
76790
77917
76820
72685
72485
74450
76630
77695
75110
72785
72850
74901
77125
77265
72621
72058
74136
75229
77120
75460
72456
72755
74881
75984
77082
72700
71790
72985
75140
77021
75407
72670
73099
75215
76295
77445
72710
71720
72910
75035
76604
74556
72330
73225
74246
76431
76605
73720
71466
72991
75125
76215
75329
72445
72871
73930
76140
76231
73350
71330
73014
74051
76235
74786
72276
72065
73980
76171
77235
73855
71724
73250
74335
76555
74731
73046
72250
74195
76381
77321
73550
71825
72525
74660
76851
76569
72796
72490
74551
75635
77256
72641
71735
73045
75265
76331
75461
72580
72960
74020
76220
76936
74071
71965
73585
75760
76860
74596
72369
72485
74510
76695
77080
72386
71420
73440
74515
76390
72795
71650
72391
74505
76481
75000
71505
72270
74396
75477
75450
73311
71865
73405
74490
76670
74143
71654
72010
74130
76355
76801
73046
71779
73595
74695
76800
75526
71496
72043
74181
76301
75899
72587
72570
73605
75770
77293
74785
71604
72890
75055
76140
75230
72450
72180
73985
76220
77270
73510
71651
73451
74499
76670
73865
72126
72445
74480
76700
77341
72695
71931
73975
75065
76991
73235
71986
72833
74995
77244
77090
72424
72219
73284
75436
76540
74915
72519
73335
74395
76589
76314
73535
71916
73749
75946
76981
73920
72101
72405
74535
76710
76790
72542
72015
73045
75150
77012
75333
72280
72690
73765
75985
75335
71645
71480
73410
75597
76589
73535
71765
73141
74210
76405
74480
72447
71665
73750
75956
76671
73213
72136
72901
75030
77160
76200
72117
72680
74830
75916
76586
72979
72400
73610
75810
77545
75200
72032
73159
75286
76355
75008
72470
72366
74295
76456
77395
73810
72440
74390
75490
77470
74006
73030
73150
75316
76406
76764
72770
72365
74130
76331
76935
74610
72660
73974
75055
77245
75496
72541
72714
74775
75875
77609
73870
72737
72654
74771
76960
77090
72645
72225
73285
75465
77190
75332
72411
72995
75130
77323
77303
72840
71910
73239
75395
76500
75031
72329
72581
73624
75805
77192
74539
71725
72685
73745
75910
75525
72421
71939
73432
75611
76735
76076
72280
72689
73745
75936
76730
74410
72298
73125
74195
76370
76785
74100
72025
73656
74700
76940
77366
73745
72590
73256
75411
77629
77305
72895
72915
73975
76176
77510
75370
73233
74159
76375
77495
78440
75510
72985
74465
75560
77780
75745
74395
73625
75610
77845
78865
74670
72860
73600
75780
77955
77290
73927
73655
74687
76902
78310
75685
72676
73860
74942
77150
76210
73266
72934
74630
76825
77925
75005
72578
72980
75140
77405
77435
74041
73420
74375
76596
77710
76053
72591
73470
74550
76756
76395
74395
72880
74525
76689
77764
74445
72545
73197
75366
77465
76670
73521
73310
75456
76565
78145
73980
72905
73595
75750
77680
75940
73210
73330
74380
76611
77041
74065
71984
73561
75735
76795
74645
72580
72600
74540
76755
77506
73545
72410
74395
75489
77460
74360
73410
73524
75647
76783
77346
73081
72294
73760
75975
77330
75182
72895
73595
74684
76945
76935
74191
72315
74016
75114
77312
77154
73423
72896
75063
76170
78065
73826
72779
73560
75763
76880
75889
73275
73105
74991
77251
78304
74685
72895
74585
75695
77865
74831
73799
73420
75485
77711
77805
73490
73034
74075
76320
77620
75526
73245
73835
74916
77187
76440
73995
72665
74500
75616
77671
74604
73560
73376
75443
77675
77630
73515
72938
73981
76155
77756
75825
73381
73945
76140
77270
77182
74479
72635
74420
76651
77735
75285
73696
73850
75915
78156
78385
73765
73196
74230
76360
77600
75436
73308
74215
76435
77575
75725
72686
72680
74793
76991
77955
74640
73226
73905
76115
78297
77578
73565
73720
75910
77060
77441
73957
73543
75079
77280
78355
75255
73095
73700
75875
78106
78150
74600
74220
76378
77491
78760
76025
73510
74851
77074
78195
75816
73830
73975
76045
78290
78460
73991
73344
74385
76605
78126
76209
73865
74825
75925
78164
76290
74165
73300
75400
76525
78430
74855
73977
74518
76710
77825
77310
73510
73170
75035
77236
78240
75078
73846
74465
76630
78701
77230
73335
73625
75794
76890
76671
74660
73530
75316
76410
78485
74920
73751
74110
76271
77370
76980
73850
73530
75394
77670
78750
75160
73455
75345
76440
78644
78285
74975
74802
75848
78064
78090
75275
73326
75126
77356
78435
76035
73891
74070
76200
78470
78625
74220
73836
74899
77120
78325
76195
74049
75106
76194
78461
76060
74410
74121
76270
77375
78313
76055
74220
75506
77736
78859
76236
74565
74385
76606
77720
78545
75017
74424
75825
78101
79215
76155
73826
74340
76515
78659
77932
74545
74746
75870
78125
79196
75891
74300
76241
77360
79445
78225
74986
75225
76330
78586
77765
75256
74041
76145
77255
79097
77314
74534
75013
77206
78325
77637
75230
73981
76005
78295
79005
75584
74646
75035
77250
79071
77395
74145
74895
76005
78235
77236
75390
73990
75691
76790
78995
75426
73995
74269
76504
78675
77917
74217
74085
75164
77404
78516
75719
73655
75220
76321
78590
78501
74595
74110
76247
77404
78740
76320
73880
75312
77546
78665
75925
73861
74045
76160
78374
78875
74470
73545
74716
76938
78734
77021
74380
75061
76150
78405
77981
75464
73620
75518
76627
78760
77680
74351
74530
75610
77840
78675
75865
73600
75270
76400
78663
78406
74770
74295
75305
77545
78874
76360
73910
75270
76365
78680
77295
75680
74649
76680
79026
79785
75340
74031
75010
77275
79297
77844
75020
75482
76594
78890
78273
75566
73795
75720
76846
78710
75045
74211
74790
77020
78166
77776
74044
73806
75797
78077
79024
75620
74099
74750
76959
79129
78231
74401
74892
75983
78205
77700
75660
74556
76440
77605
79695
78250
74378
74877
75995
78330
78085
75825
74430
76160
78424
79524
76041
74695
74940
77157
78281
78295
75006
74630
76430
77545
79685
75720
74520
75040
77242
78384
78326
76035
74420
76076
77195
79403
78370
74251
74510
76704
77845
78470
75120
74621
75950
78170
79311
76605
74140
74581
76745
79010
78696
74895
74128
75110
77325
78460
76685
73570
74619
75695
77935
77211
75354
74115
75825
76925
79085
75585
74290
74840
77056
78209
78661
75520
74820
76331
78544
79586
75686
74310
74655
76846
77962
77670
74655
74160
75819
78060
78715
74098
72791
74790
75872
77711
74015
73165
73715
75835
77922
76673
73270
73566
74619
76840
77921
75266
73551
73960
76110
78256
75645
74145
73979
76170
77295
78444
74885
74156
75126
77326
79220
77391
73850
74385
75481
77756
77485
75325
73595
74945
76010
78291
76270
74365
73375
75415
76516
78416
74955
73925
73740
75873
77020
78305
73872
72894
73976
76125
77230
75871
73175
72795
74430
76655
78045
75541
72715
74033
75125
77350
75545
73122
72769
74475
76700
77829
75451
73206
73580
75730
77990
78099
74231
73041
73786
75960
78149
77561
73345
72962
73998
76175
77580
75656
73295
73720
75860
76961
77430
75240
73236
75090
76196
78390
75820
74385
73429
75390
76505
78321
74590
73546
74519
76685
78736
77405
74322
74660
75740
77970
77985
75391
73756
75645
76795
78960
75710
74620
74451
76615
77760
78271
74210
73667
75458
77735
78825
76422
74740
74865
76985
79295
79540
75105
74390
75425
77685
78841
77075
75011
76190
77305
79607
80569
78840
79696
80864
83285
84515
86307
85899
86365
87516
88825
91519
92815
92731
90550
90920
92221
95020
96415
96851
95810
94937
95809
97221
100141
100795
99030
97416
98111
99590
101075
102605
103481
99995
98800
98676
99980
103060
104376
102985
100365
99051
100445
101956
103494
104054
101920
100531
100065
102599
104144
105701
105585
102680
100041
101220
102725
104271
105835
106055
103705
101069
101525
103021
104555
107315
105239
102466
101010
101320
104361
105940
106665
103865
101501
100015
100331
101790
103295
104580
100360
98715
98940
100376
101895
104725
103637
101699
100420
100821
102315
103835
105405
105476
102780
99912
100864
102385
103965
105550
103720
102030
101067
102786
104340
105910
107196
105584
103030
101288
102627
104193
105783
107273
106395
102211
101510
102316
103860
105460
107080
104445
102125
101192
101969
103480
105020
107228
105011
103080
101945
101961
103345
106477
107775
105974
103212
101554
101601
104509
106066
107485
106165
103712
102029
102185
103737
105335
106939
107131
104354
101851
101530
103075
104616
106181
107000
102986
101640
101410
102696
104255
107245
105710
102670
100795
100621
103401
104949
106490
105926
103360
100635
101296
102792
104323
105881
106350
101240
100152
100584
102055
103630
106635
105205
102825
101231
101411
102914
104471
106030
105975
103225
100232
101083
102670
104266
105852
105111
102715
101235
100867
101904
103445
106591
106605
103790
101520
100581
102671
104224
105822
106969
105095
102805
100570
101650
103200
104792
106369
104016
101780
100905
101575
103080
104656
106240
105395
103267
101789
101331
102414
105485
107075
106935
103961
101395
100190
102255
103795
105370
106716
105010
100826
100026
100785
102290
103866
106540
104690
102031
100105
101199
102732
104259
105830
105932
103334
99960
99838
101191
102715
104265
105751
102380
100275
99565
100576
103715
105251
106000
103455
100820
97926
98885
100405
101951
103450
100311
98230
97610
98710
100190
103245
104135
101970
99726
97970
98735
100191
101705
103205
103310
98305
97126
98024
99476
102465
102981
100505
98450
97265
98601
100126
101599
102696
100207
98078
97297
99650
101140
102690
103811
101750
97830
97446
98600
100035
101535
103405
100510
98085
96811
98631
100105
101640
103085
101930
97885
97255
97935
99376
102370
103825
103061
100175
97845
97876
99355
100835
102350
103575
101751
97600
96926
97720
100670
102191
103305
101385
96791
96736
98049
99542
101059
102765
100230
98291
97246
99046
100545
102045
103530
103035
97595
96570
97305
98762
101685
102935
101531
99155
97525
97524
98985
100450
101970
103371
99126
97059
96470
97485
100481
102000
102705
100640
97459
97132
98268
99766
102760
102670
99781
97530
97580
99061
100561
102079
100611
98575
97391
97299
100075
101585
103095
102816
97235
96335
97156
98615
100095
102881
101145
98476
96994
97460
98937
100448
101986
102740
97231
95765
96232
99096
100590
101765
100061
95336
94430
95390
98282
99764
100640
98550
94786
95049
96440
99391
100820
100120
98081
95824
96416
97859
100845
102025
100400
97696
96130
97425
98901
100400
102206
99349
97300
96245
97489
98950
100421
101904
101671
96900
96115
97031
98475
101466
102250
99760
97357
95693
96400
97845
99316
100806
98595
96255
95196
96000
98900
100431
101335
99220
95470
95225
96440
97890
99386
101135
98035
95271
94140
96284
97756
99255
100650
97086
95279
94440
96641
98081
99559
100805
99151
94570
94485
95730
97131
100101
100230
97730
95805
95076
96470
97895
99390
92880
88805
86355
87026
88335
89777
85905
81565
81176
83391
84630
84495
80856
77780
79465
80631
82534
80370
76961
76755
79013
80150
77774
74482
74683
76802
79061
78979
74544
73660
74836
77054
78160
75575
72566
72815
74970
77140
77621
73927
73041
74010
76172
78036
73496
72264
73026
75180
77146
75874
72720
73032
74078
76280
76897
74343
72325
74070
76251
77345
74915
72698
72706
74691
76881
77860
74205
72374
74136
75210
77355
74616
72630
72900
75015
77254
77600
73220
72320
74370
75461
77340
73935
72931
73305
75490
77745
77920
73810
72745
73691
75890
77950
76381
73075
73158
75295
76400
78075
73961
72805
73759
75906
78050
77270
73356
72855
74930
76026
78070
74366
72764
72690
74841
77026
77500
73936
73089
73143
75330
76420
77385
72870
72036
73475
75630
76750
75221
71995
72651
74771
75879
76440
72361
71855
73690
75841
77666
76154
72783
73260
74300
76494
76840
74170
72249
74215
76382
77475
75510
73310
73635
75745
77975
78365
73351
72465
74581
75690
77715
74511
73470
73986
76173
78327
77520
73055
73135
74210
76380
77496
76105
73445
74416
75514
77780
76516
72875
72940
74996
77235
78185
75005
73320
74822
75945
78220
78390
73505
72355
74410
75495
77600
74576
72552
73179
75380
77619
77881
73249
72785
74899
76025
77876
74239
72940
73690
75860
78082
75281
73380
73384
74450
76686
77820
73830
73221
74536
76735
77861
76145
72900
74119
75200
77435
76261
74120
73230
75230
76331
78424
74805
73171
73595
75796
76920
77850
73850
73146
74461
76655
77756
76166
72820
73091
75230
77505
77279
74975
73035
74781
75896
78135
75071
73320
73249
75431
76535
77620
73990
73331
74540
76740
77852
76115
72760
73825
74910
77145
76146
74190
73006
74780
75870
78010
74621
73165
72925
75066
77310
77250
73576
73270
75346
76439
77941
73555
72745
74010
76220
77325
75731
73140
73866
74950
77174
76340
74026
72965
74975
77205
78095
74526
73060
73760
75924
78146
78175
73330
72560
74645
75720
77131
74990
72685
73785
75995
77100
75805
72210
73110
74191
76439
75695
72282
72059
73796
74864
77026
74505
72855
72700
74845
77085
77650
74007
73015
73782
75965
77077
76526
72532
73125
75306
76430
76470
72941
72576
74315
76525
77625
74255
72165
73830
74910
77085
74355
72685
73035
75164
77391
77490
73354
73231
74289
76470
77775
75410
73375
74700
76903
78022
76475
73385
73552
75676
77939
78451
74685
73960
74905
77155
79175
77606
73764
74500
75580
77777
76990
74077
73919
75730
76845
79056
75505
74120
74380
76565
78796
78135
74235
74240
75296
77530
79025
76720
73500
74875
75975
78225
76258
74216
74320
76425
78656
79180
74745
74215
75277
77500
78601
76045
74220
75445
76536
78785
76860
74806
74010
76100
77225
78800
74952
74270
75287
77500
78636
77740
73925
73695
75695
77905
78890
75376
74175
75916
77020
79180
75486
74110
74202
76395
78610
77980
74430
74068
75700
77978
79011
75264
73685
74531
76760
78915
78056
74780
74781
76904
78020
78740
74371
73800
75445
77643
78350
75935
74046
75235
76330
78586
76165
73161
73530
75678
77881
77789
73890
73621
74636
76865
77990
76569
73335
74375
75460
77701
76825
74930
73741
75515
77780
78740
74541
73215
75195
76295
78334
76960
73850
74431
76630
78780
77838
73335
73821
74889
77101
77310
74895
73411
74995
76120
78381
76200
73055
74124
75225
77495
77026
74830
73395
75111
76210
78520
75600
72809
73065
75181
77381
78144
74460
73142
73808
75991
78230
78320
73361
72556
73570
75712
77719
76360
73245
73380
74440
76670
78166
75850
72730
73951
76150
77260
75666
73175
73980
75061
77325
77325
74645
72735
74638
75737
77895
74956
73834
73702
75830
76945
78791
74383
73202
74109
76290
78205
76731
73905
74290
76466
77595
77980
73490
72940
74635
76855
77981
75690
73535
74586
75654
77931
76780
74155
72936
74985
77186
78059
74454
73355
74050
76195
78415
78055
73790
73900
76100
77216
78723
74971
74215
75185
77415
78519
78010
74136
74655
75750
77986
77795
75625
74220
75850
76975
79175
78547
74205
74295
76481
77590
77879
75416
73862
75433
76515
78780
76580
74581
74026
76185
78504
79031
75080
74346
75305
77525
79407
77284
73790
74667
76845
77960
76595
74145
74130
76190
78435
79420
75758
73916
74674
76864
79131
78795
75115
74917
77095
78235
79227
76359
73750
75251
77460
78575
76396
74130
74305
76425
78716
79624
75816
74065
76060
77180
79330
76001
74964
75135
77353
78511
79152
74415
73956
75825
78087
79144
76086
74595
76120
77226
79504
76215
74401
74370
76591
77735
78300
75900
74120
75445
77670
78791
76166
73630
75151
76250
78486
75907
74440
74380
76525
77640
79170
74870
73981
75290
77496
78605
76870
74552
75490
76585
78836
77285
75060
74100
76220
77330
79085
75625
74855
75573
77835
78945
77141
73926
73925
75955
78165
78845
75195
74015
75785
76880
78931
75105
73476
74277
76530
78500
75105
74164
74517
76685
77785
77832
75274
73580
75475
77676
78527
75170
74097
75875
76995
79146
75730
74271
74520
76699
77830
77951
75910
74220
75688
77915
79075
77390
75461
74600
76775
78940
78455
74680
74051
74981
77205
78357
76825
73880
74954
76045
78295
77431
75405
74145
75801
78040
79155
76136
74016
74579
76785
79050
79140
75565
74446
75274
77500
78647
77880
74241
74070
76075
78355
79211
75604
74060
75660
76790
79100
76870
74890
74270
76446
77560
78940
75255
74360
75275
77531
79620
78125
74485
75094
76215
78439
77785
75630
73911
75500
76591
78835
77075
74280
74240
76280
78522
78374
74760
73810
75744
76880
78880
77396
73994
74615
76835
77966
77000
74034
74105
75176
77420
78165
75556
73365
74841
77073
78205
76066
73685
73985
75041
77275
77981
74285
73620
75112
77370
78475
76105
74010
74820
75900
78101
77312
75083
73675
75550
76660
78724
75864
74820
74691
76830
79030
79665
75639
74846
75899
78145
79275
77556
75050
75680
76785
79045
78005
75526
74465
75490
77750
79730
78185
75230
75631
77859
79025
79175
76445
74540
76416
77550
79740
78831
75695
75464
77665
78790
78818
74361
73915
75826
78057
79169
76530
74701
76036
77139
79442
76880
75025
74546
76715
77863
79025
75541
74829
75945
78185
79345
77560
74350
75475
76591
78870
78045
76145
74820
76731
77859
80025
79065
74926
75220
76335
78640
78371
76579
75092
76556
77675
79816
75976
74605
75085
77286
79382
78314
75075
75010
76090
78321
78965
76240
73965
75585
76725
79041
77020
74961
74940
76985
79280
80021
75896
75080
76110
78365
79811
77614
75277
75920
77005
79281
78455
75806
74325
76300
77430
79594
76251
75070
74950
77115
78260
79589
75447
74408
75891
77010
79286
77925
76285
75134
77070
78215
80152
76071
75050
76174
78420
79540
77683
75221
75081
77089
79371
80220
75715
74635
75621
77843
79821
78425
75545
76060
77186
79467
78875
76467
75265
77345
78491
80190
78050
75395
75952
77038
79311
78589
76045
74901
77050
79316
79924
76195
75269
76179
78410
80330
78355
74925
75951
77059
79345
77950
75466
75340
77375
78515
80225
75706
74789
76136
78395
79530
77626
75065
75061
77180
79475
79915
75300
74930
76025
78310
79756
77629
75230
76145
77275
79580
77595
75425
75011
77160
78275
79391
77021
74861
76086
78315
79451
77195
74380
74640
76785
79056
79439
75795
74863
75795
78005
79585
77215
74345
75780
76895
79145
76931
75015
75260
77395
78515
79785
75515
74795
76315
78560
79665
76896
75100
75425
77580
79842
79633
75254
75390
76505
78815
79845
76490
74940
75546
77789
79975
78960
75090
75425
77653
78786
78754
75540
75185
76805
79101
80045
75820
74911
75895
78160
79382
77234
75000
76104
77201
79425
76942
75419
75545
77746
78860
78975
76680
74747
76000
78202
79329
77090
74825
75190
77400
79525
78435
74770
74455
75515
77745
78932
76444
73814
75295
77550
78701
77400
74734
74480
76337
78599
79571
75905
74430
75386
77595
79579
76290
75310
75529
77755
78890
79575
76811
74405
76081
78335
79470
76947
74651
74625
76605
78851
79580
75030
73710
75708
76800
78737
77169
74410
74761
76945
78070
78231
73777
73383
75301
77530
77510
75166
73721
75280
76396
78647
76065
73296
73575
75694
77965
78771
75285
73831
74351
76552
78776
78650
74275
74101
75180
77446
78555
74830
74010
75025
77250
78970
76835
73965
75150
77356
78470
76685
74895
73992
76010
77135
79166
74927
73590
74266
76450
77560
77722
74271
73754
75364
77621
78759
76640
73680
75061
76154
78405
77152
75223
74144
75990
77071
79285
75790
73596
74195
76351
78611
78767
74910
74049
74996
77236
78384
77235
73705
73510
75564
77769
77359
75370
73900
75637
76750
79020
75625
73496
74020
76210
78438
78321
74860
74331
75306
77530
78793
76326
73715
75196
76299
78550
76330
73979
73927
75996
78264
79061
74802
73846
74806
77015
79080
77775
74570
74755
76955
78105
79705
78886
79639
82009
83225
85725
86986
87584
87849
88540
91165
92510
93890
95266
94155
93921
96145
97625
99110
100627
100905
100015
99542
100089
103066
104606
106154
106151
104184
103770
105290
106871
108486
110059
109755
106425
106141
107274
108916
110625
112345
110187
108333
107912
109174
110835
112565
114330
114811
112300
109076
109535
111135
112865
114611
114922
112063
109851
110590
112290
113997
115729
116000
113231
110685
109400
109695
111261
112935
115596
112725
109825
108485
109241
110885
112580
114301
115365
113035
109296
109428
110985
112670
114381
115560
112817
109569
108175
109795
111526
113260
114645
112611
109940
108200
108996
110680
112435
114061
112255
108875
106930
106626
107956
111341
113101
113549
110955
108906
107690
107715
109246
112570
113805
111626
108545
106825
106910
110160
111865
113361
111906
109241
107448
106871
108080
109725
111376
112293
108940
106521
105905
107165
108820
110486
112872
110294
108110
106675
106470
107902
111240
112660
110776
107535
105645
105351
106690
108310
111566
110840
108205
106461
105625
106060
107620
109261
112161
109974
106991
105345
105215
106616
109915
111465
110356
108115
106430
105390
105866
109040
110725
111411
108335
105537
104184
106305
107930
109601
111225
110575
107991
105754
106970
108606
110245
111860
110925
105129
104615
105896
107485
109130
110800
110856
108295
105145
105446
106955
108575
110210
110886
104595
102996
103621
105189
106790
109041
106850
105304
103886
103465
106366
107980
109261
107640
105590
104770
106837
108485
110124
111295
109685
107436
104829
105841
107450
109095
110642
109809
107010
104936
106340
107955
109580
111217
110899
108360
106515
105940
107491
109099
110736
111955
109830
107166
105606
107300
108996
110700
112325
111466
109095
107355
107351
109002
110683
112350
111946
108740
105526
106565
108155
109805
111471
111685
108785
105135
105095
106475
108071
109700
110005
106625
104495
104152
105464
107065
110365
110721
107881
105419
103890
103806
106741
108375
109855
108770
105905
103776
103145
105936
107596
109264
109680
107000
104941
103215
104416
105981
107594
109210
108692
103087
101848
102381
103960
105540
108449
106895
104570
102911
102125
102730
105891
107494
108600
106341
103410
101301
102554
104091
105681
107239
107417
102589
101197
100699
101825
103380
106551
106370
103070
100495
99600
101085
102595
104136
105581
102255
100700
99815
100177
103176
104745
106175
104810
101746
99036
100154
101626
104731
105405
102890
100855
99585
100155
101690
103255
104856
105280
102380
98416
98850
100265
101760
104555
102930
100482
97975
98670
100170
101691
103210
103247
100179
98140
97765
100476
102010
103550
104111
99693
98430
98380
99641
102701
104275
104585
101750
97846
98335
99755
101245
104225
103385
100850
99146
99040
100506
102010
104671
102794
100081
98045
99066
100531
102064
103575
101525
99607
98198
97700
98811
101816
103370
103795
101190
97846
98415
99855
101365
102882
102325
100085
98526
98550
100000
101491
103035
101634
98795
97261
97244
100071
101560
103060
103272
98410
97026
96689
99272
100798
102327
103129
100850
96725
96896
98260
101204
102716
102800
100087
98103
97191
98544
100035
101551
102980
100230
97826
96800
98856
100340
101845
103170
101940
98208
97415
98122
99594
102598
103610
101376
98550
97150
98475
99970
101475
102975
99525
97380
96091
95880
98525
100031
101540
102085
96565
95070
95300
98106
99555
101025
100725
96311
95085
96156
97620
99089
100560
101315
96449
95097
95324
98145
99625
101130
101192
96985
95825
95716
98335
99816
101322
101703
96445
95016
95155
97910
99391
100875
100550
96145
95160
95200
97954
99430
100921
100960
98286
94955
95510
96961
99910
101226
99885
96055
95161
95686
97084
100030
101441
100380
97330
94426
95415
98331
99770
100370
98331
95351
95035
96006
97434
100390
100440
95230
88755
88655
89865
92591
92605
88600
84224
84430
85685
86995
87085
80767
79579
81249
82445
84616
82830
78760
78706
79830
82161
80131
77615
76325
77342
79600
80620
78221
75909
77008
78120
80396
77165
75132
74785
76980
79246
79250
75183
74604
75615
77875
79201
76605
73525
74975
77240
78350
75996
74096
74139
76170
78451
79405
74956
73279
74100
76245
78067
74580
73801
74426
76630
77775
77927
74171
74386
75484
77715
78375
76005
74165
75345
76475
78755
77110
73526
73760
75895
78175
78730
74780
73655
75515
76630
78656
74680
73455
74115
76335
78355
76985
73855
74190
75269
77500
77995
75245
73246
75010
77208
78203
75130
73547
73834
76000
78245
75820
73740
73435
75616
76725
77505
74084
73810
74820
76990
78275
73845
73086
74515
76716
77257
75058
73378
74726
75827
78070
75402
73650
73274
75381
76485
77405
73831
73282
74405
76606
77765
75260
72765
74265
76470
77570
75655
73575
74723
75826
78125
76131
73985
73299
75366
76475
78105
74255
73341
73980
76145
78186
76670
72951
73580
75719
77686
76495
73395
73706
75855
76965
77425
74590
72730
74495
76710
77085
74960
73421
74776
77005
78101
74850
72490
74105
75185
77317
74679
73530
73312
75342
77515
77340
73086
73250
74320
76530
76885
74680
73174
74655
76860
77930
74919
72642
74236
75325
77515
75401
73445
73415
75445
77675
78495
73960
72963
75040
76145
78182
74927
73751
74340
76505
78641
77245
73275
73990
75077
77301
76983
74721
73290
74940
76036
78175
74192
72589
73405
75580
77771
75016
73924
73941
76140
78341
78180
73590
73505
74541
76750
77515
75310
73615
74938
77166
78285
75835
73226
73610
75750
77957
78009
73975
73165
75150
76280
78190
73690
72750
73725
75900
77670
74246
73755
74430
76686
77845
76882
73135
72996
74865
77030
77796
74120
72551
74074
75140
77325
74209
72125
73831
74935
77142
74676
72875
73030
75090
77335
77875
73798
73626
74680
76887
78344
74351
73464
74091
76260
78015
75672
72415
73540
74595
76820
74865
72168
72109
74059
76257
77219
73415
71805
73731
75915
76885
73295
71710
73195
74251
76415
74230
71360
71455
73486
75632
74060
72115
71196
72975
75131
76045
71425
69795
71629
73680
74695
71780
70309
71598
73735
75555
73455
70010
70854
72970
74040
73130
70252
70972
73055
74115
74221
69865
69970
71001
73119
73318
69806
69825
70810
72902
74065
69785
69710
70726
72830
74175
71986
69515
70213
72295
74260
70752
69216
69959
71960
74000
71184
69836
70330
72450
74575
72750
70585
69815
71850
73975
74685
71101
70159
71951
74061
73935
71320
69796
71605
73775
74301
71920
70379
71837
73969
75550
73380
70240
71250
73360
75260
71801
70844
71190
73265
74330
74345
70531
71064
73130
74190
74315
71130
71140
73226
74290
74985
71415
71346
72374
74479
75610
71866
71269
72516
74645
75027
72349
70555
72216
74306
75370
72805
71156
72480
73536
75665
72741
70855
71451
73546
75662
73140
71550
71930
74075
76180
75587
71519
71584
73658
74731
75240
71960
71665
73126
75262
75746
71661
71189
72845
75000
76260
74262
72324
73554
75731
76954
74170
71640
73281
75435
76520
74176
72125
73231
74290
76480
74310
71865
72365
74495
76645
76266
72735
72706
73725
75912
76961
74385
72215
73840
75985
76659
74487
72685
74106
76286
77080
74470
72661
74460
75546
77601
74496
73459
73649
75785
76885
76528
72645
73230
74305
76536
76200
74070
73127
74932
77131
77801
73560
72716
74800
75925
77029
73646
72945
73905
76091
77040
72695
72156
73885
76071
76965
73735
72840
74750
76915
77535
73344
72790
73815
75979
77195
75090
73158
74370
76570
77665
74855
72451
73034
75156
77235
76462
73155
73265
74315
76478
76655
72641
72410
74300
76496
76206
74385
73084
74777
76961
77719
73435
72360
74351
75453
77325
73565
72692
73569
75761
77431
72886
72048
73276
75417
76241
74015
72150
73435
75570
76641
73680
71781
73520
74587
76546
73400
72490
72847
74971
77016
75805
72165
72775
73836
75995
74585
72156
72910
73960
76090
74730
72480
71667
73731
75940
76536
72826
72075
72990
75175
76980
72982
72070
73075
75240
76920
73196
72439
73291
75465
76575
74811
71769
72980
74051
76234
74755
72915
72135
74087
76261
76895
72669
71925
73945
76130
76656
72874
72264
74270
75351
76715
72285
71800
72820
74960
76335
72840
72079
73190
75360
76751
74325
71592
72971
74040
76235
74581
72669
72855
74929
77091
76695
72615
73081
75280
76405
76351
74205
72725
74280
76455
77520
74033
72130
73775
74845
76995
74359
73056
72796
74885
77102
76599
72120
72527
74700
75810
76272
72875
72996
74069
76242
77045
72651
72165
73825
76005
76416
72904
72315
73666
75820
76940
74254
71435
72631
73674
75843
74620
72065
71661
73396
75546
74930
72600
71131
72950
75081
75979
72860
71218
72906
75064
75812
73194
70725
72145
74259
75882
74058
71431
72175
74260
75345
75326
71392
71776
72825
74995
75681
73500
71834
73086
75236
76461
73969
71405
72656
74819
76520
74560
71847
72556
74719
75810
75608
71495
71739
73825
74925
75710
72314
71905
72900
75024
76298
71850
71499
72485
74621
76167
72215
71349
72186
74300
76305
74911
71485
72195
74283
75388
75055
71733
71874
72900
74990
75620
73045
71126
72815
74950
75225
72925
71545
73121
75285
76367
73710
70980
72315
73390
75575
74292
71716
72455
73540
75734
75540
73075
71420
73190
75305
76301
73266
71775
73416
75584
75845
73376
71830
73580
75751
75876
73689
72375
74016
76205
77200
73576
71885
72690
74830
76865
75815
72811
73124
75264
76385
75770
72215
72780
73842
76010
74636
72473
72477
74542
76740
77440
73249
72200
74292
75384
76835
73375
72596
73484
75619
77251
72855
71845
73026
75145
76755
75026
72850
73775
75940
77049
75270
72707
73099
75203
77390
74795
73526
73181
75225
76330
76605
72276
72352
73413
75595
75634
72706
72330
73892
76057
76690
74035
71935
73441
74525
76664
74276
72485
72635
74637
76830
74466
72590
72095
74155
76262
75863
72529
72451
74513
75600
76671
72424
72114
73144
75295
76583
73007
72498
73700
75851
76876
74219
72030
73650
75791
76864
74187
72263
73366
74435
76625
75435
73141
72220
74249
76440
77220
73580
72185
73825
74905
77070
73885
71641
72100
74170
76310
74285
72845
72192
74106
76265
77065
73149
71660
73625
75855
76461
72697
71595
73380
75516
76500
73022
71310
73135
74190
76080
72871
71505
72140
74244
76375
73535
71982
71750
73855
74936
75025
71780
71626
73721
74789
75915
71786
71110
72125
74235
75750
72341
71491
72360
74490
76496
73131
71764
72025
74102
75174
74960
72280
72540
73626
75837
76645
74076
71694
73375
75492
75871
73901
72061
73345
75510
76683
74400
71860
73141
75270
76296
73541
71853
73255
74336
76510
74267
72624
72280
74395
76561
76406
73100
72696
73700
75839
76559
72442
72362
73423
75595
76555
74506
72595
73755
75915
76935
74395
72245
73735
74815
76939
74345
72445
72730
74841
77050
74865
72250
72637
74755
76955
77245
73665
72935
74925
76010
77435
73067
72761
74865
75966
76241
73435
73545
74595
76805
76896
74509
72640
74425
76651
77385
74129
72985
74750
75825
77788
74065
73025
73630
75765
77305
75415
73065
73925
76100
77196
75627
72845
73865
74975
77227
75405
73975
73655
75771
76885
77855
73885
73835
74926
77159
77255
75146
73575
75148
77420
78360
74185
72601
74521
75610
77172
73540
72825
73705
75851
77365
75065
72264
73615
74670
76860
75045
72805
72830
74836
77060
77520
73375
72965
75105
76172
76470
73093
73134
74161
76335
76781
72692
72168
73981
76120
76977
73847
72680
74510
75605
77620
73923
72861
74860
75960
77616
73955
73235
74051
76240
77400
76230
73085
74165
75260
77454
75359
73965
73736
75866
78121
77880
73640
73794
74857
77045
76420
73505
73215
75031
77195
78075
74265
72951
74945
76050
77706
74120
72841
74520
75597
77505
73195
72011
73965
75020
76165
72266
71636
72584
74741
76530
74796
71497
72315
74425
76191
74630
72045
72738
74864
75980
75000
71901
72785
73836
76001
74990
73115
72126
73940
76165
77131
73825
72496
74416
75506
77390
74251
72955
74706
75790
77711
73532
72361
73320
75480
77321
75920
73328
73989
76171
77324
77056
73345
73226
75210
77435
78210
74676
73615
75480
76576
78565
74565
73330
74164
76375
77956
76010
73655
74506
76675
77780
76471
73450
74720
75815
78031
75901
74419
74005
76110
77230
78636
74675
74050
75586
77820
80095
80576
80895
81691
84079
85305
87865
88805
87835
88345
90955
92305
93661
96191
96095
95940
96776
98235
99695
102654
102325
100970
100211
102247
103748
105310
106861
107055
105175
103451
104369
105960
107566
109590
106886
104865
104435
107171
108765
110410
111645
110145
108511
108060
109641
111321
113039
113841
111120
108490
108356
110025
111730
113477
113349
110325
108205
107990
109590
111266
112950
112745
110205
108400
109955
111630
113346
115030
114680
112456
110065
111090
112776
114505
116220
115346
111905
109460
109641
111335
113010
114745
115751
113210
110875
109386
110910
112593
114306
115375
113015
110691
109852
110924
114382
116154
116545
113813
111713
110675
111225
112892
114614
116346
112865
110375
109665
110881
112560
114275
115896
114852
112233
109646
110965
112690
114456
115675
113272
110433
109186
110075
113481
115200
116100
113525
111116
109595
109355
110746
112385
114095
112576
109620
108095
108591
110245
111965
113667
114094
107836
106225
106210
107675
109305
111605
108842
106169
105125
106050
109281
110950
112041
110000
107610
106066
107534
109192
110869
112090
107545
106315
106780
108371
110025
111675
113006
111030
107001
106601
107679
109285
110937
112599
109781
107305
106601
107735
109355
111010
112680
113910
111756
108079
107860
109126
110795
112465
114076
109480
107360
106766
107935
109565
111200
112365
109301
107200
106000
106190
107665
110975
112270
110056
107130
105510
105781
107300
110550
111690
109446
106635
104495
103895
106715
108340
109866
108825
106060
103821
105190
106805
108405
109991
109395
105175
104341
105075
106645
108276
110435
107834
105491
104250
104860
106400
109645
111025
109321
106690
104940
104575
107335
108960
110556
110117
107640
105998
105821
108810
110476
112150
112560
109995
107775
106285
107765
109436
111120
112465
110515
106170
106099
107520
109156
110840
112460
108860
106890
105895
106571
108190
109860
111521
111870
106926
106060
107020
108650
110311
111995
109141
106715
105176
104979
108010
109680
111111
109326
106349
104321
105710
107285
108935
110555
109501
104945
104186
104860
106420
108055
109711
110300
104456
102915
103340
104870
106466
109185
107155
105056
103810
103615
106386
107970
109562
109204
104285
103490
104432
106009
107615
110016
107700
105400
103840
103131
104090
107245
108883
109250
106348
103806
102710
104805
106406
108010
109135
107001
103669
102990
103645
105131
106700
109105
106611
104235
103195
103611
106700
108306
109820
108740
106020
103870
103085
104615
106195
107836
109185
107412
101660
101205
102570
104111
105695
107301
104665
102476
101439
103301
104865
106440
107711
105505
101424
101801
103295
104850
106452
107035
104341
102281
101199
101710
104719
106280
107500
105492
102499
100685
102125
103671
105230
105936
103160
101040
99555
100721
102245
103795
105296
104430
99701
99189
100466
101985
105026
105325
102951
101059
99941
101185
102671
104205
105731
102441
100285
99582
100598
102105
105261
106029
104072
102129
100585
101873
103398
104985
106565
102581
100339
99502
100494
102035
105155
105456
103010
101092
99846
101136
102689
104241
105805
102850
100607
99885
100909
104006
105545
106467
104383
102291
100635
101830
103336
104895
106331
102176
100295
99955
101196
104340
105865
105261
102560
99307
99544
100960
104006
105361
103714
100435
97061
98085
99542
102356
99905
93239
91296
91035
93604
94990
92490
88960
86465
86460
87735
90374
90905
86119
84825
84679
85905
88509
89041
83363
81565
82377
84900
86135
83155
81360
80245
82405
83635
85045
80400
78727
79290
81615
82810
80990
77755
77226
79136
81525
82465
78101
76122
77028
79310
81225
79320
75761
75586
77750
78882
80105
75501
74725
76845
77940
79419
75570
74341
74994
77190
79371
78407
74006
73790
75955
77060
77830
74092
73455
74385
76610
78395
74021
72539
73430
75581
77610
74385
72951
73250
75310
77521
77856
73209
72451
74529
76760
77115
73404
72735
74675
76862
77713
73476
71969
73825
76016
76720
72792
71466
73080
75195
76250
73437
71310
72726
73812
75924
73130
71255
71465
73485
75655
75500
72945
71024
72830
74980
76011
73580
71620
72655
74790
75890
74510
71425
72350
74479
76250
72440
71430
72075
74206
75295
75156
71300
71630
73735
74825
75010
71315
71010
73039
74090
75461
70925
70159
72170
74309
73305
71330
70170
71810
73930
74990
72375
69590
70640
72705
74754
71589
69685
69885
71855
73955
73605
69560
69685
70715
72795
74070
70715
69485
71090
73211
74255
70975
68834
70255
72276
73801
70305
69465
70231
72270
74335
71376
69745
69350
71382
73465
72488
69541
69185
70680
72744
74550
72686
69440
70140
72205
74250
71170
69605
70976
72030
74136
72260
69170
70275
72321
73345
72343
69288
69770
71840
73916
74110
70000
69580
71600
73650
74230
70670
69775
71485
73580
73929
69621
69085
70568
72647
74197
70610
69780
71555
72590
74586
71010
69390
71003
72051
74100
71185
69715
69965
71936
74041
71945
69396
70655
71685
73765
72635
69755
70340
71411
73565
73835
69660
69830
71870
72915
74150
70650
69941
71840
73970
74900
71050
69315
71021
73125
74040
71726
70005
70980
73076
74475
70217
69414
70515
72595
73935
70285
69567
70400
72470
74539
70814
69605
70066
72166
73230
73709
70205
70140
72170
74306
74575
70575
70086
72075
74190
73221
70350
70742
71778
73910
74900
70701
70580
72620
74700
74190
70390
69750
71690
73785
73296
70165
71028
72056
74204
74150
70506
70266
71275
73442
74600
70525
70230
71230
73322
74339
70525
69896
71795
73890
73216
70058
69910
71695
73799
73605
70525
70785
71810
73955
74455
70590
70711
71740
73827
74430
70830
70280
72240
74350
74835
70927
70405
72460
74595
74896
70845
70185
72101
74255
75295
72520
70201
71700
73785
74870
73015
70646
71450
72490
74601
74555
70435
70195
72036
74157
74680
71390
71061
72075
74180
75425
71200
71001
73046
74109
75679
71925
71071
73030
74070
75646
71554
70921
71909
73999
75615
71916
71115
71793
73931
75730
71680
70730
71650
73765
75606
74115
71335
71888
73995
76015
74731
71150
71925
74046
76030
74805
71889
72215
74330
75431
75490
71570
71866
72940
75040
74641
71665
72096
74207
75324
75270
71546
72090
74201
75275
75571
72430
72466
73505
75690
76015
72330
72666
73730
75865
76010
72731
72610
73630
75776
76831
73685
71646
73306
75425
76486
74131
72270
73521
75685
76785
74052
71875
73430
74475
76655
74127
72230
72485
74570
76780
74694
72720
72540
74651
76850
76940
73190
72472
74450
76675
76560
71855
71890
73995
76106
75565
71958
71517
73535
75645
75435
71330
71159
73234
74290
74545
71035
70845
72885
73967
74561
70590
70785
72915
75033
72836
70705
70676
72619
74720
73092
70341
71315
72365
74515
73425
71030
71571
72620
74740
74126
70614
71281
72329
74516
74630
71381
70915
72374
74488
75885
71570
71206
73215
74275
75661
71960
71194
73079
74156
76150
72426
71305
72205
74350
76410
73158
71935
71751
73840
75956
73785
72000
71206
73235
74310
76324
73120
71185
72431
74559
75635
73356
71060
72675
74851
75950
74240
71356
72115
73165
75272
74205
71085
72052
73109
75260
74715
71935
71655
73270
75420
75230
72695
71115
72855
74992
75924
73102
71759
73255
75420
76455
73219
71410
72990
75154
75475
73475
72040
73345
75486
76545
74036
72055
73740
74820
76959
73706
72135
73356
74420
76620
74860
72010
72115
74133
76316
77120
73393
71917
73450
75630
76646
72795
71556
73461
75585
76360
73064
71985
73724
75915
76765
72775
71654
73660
74730
76470
72880
71685
72431
74555
76385
72401
71445
72330
74461
75424
73170
71306
72595
74735
75806
73105
70832
72095
74212
75269
73106
71120
72225
74330
75390
73220
70655
71936
74036
75119
73225
71225
72156
74270
75355
74310
71435
72346
74446
75525
74070
71816
72710
73770
75965
74799
71802
71789
73785
75940
73676
72090
71305
73275
75410
76110
72265
71325
73290
75446
74314
72395
71295
73130
75270
75179
72720
71247
73128
75300
75301
73085
71720
73210
75351
76412
73604
71724
73400
75610
76626
73215
71600
73147
74219
76395
73123
71155
72845
73920
76005
73170
71679
73181
74244
76334
73134
71365
71931
74030
76110
72942
72004
72415
74565
76660
75630
71745
72145
74245
75335
74946
71825
72168
73216
75410
75165
71739
71410
73265
75380
76290
73295
72085
73780
75920
76790
72923
71790
73696
75870
74746
73075
72345
74256
76487
75080
72925
72036
74105
76305
74762
73173
72713
74779
76995
77355
73196
72720
74820
75901
76739
73100
72884
75015
76105
76744
72695
72805
73851
76000
76132
74194
72845
74380
76560
77505
73434
72085
73975
76135
76941
73385
72422
74185
75275
77005
72775
72141
73141
75276
76477
74419
72721
74001
76196
77235
74180
72390
74099
75210
77254
73806
72697
73338
75487
77545
76240
73041
73570
75724
76866
75927
73297
74211
75285
77505
74975
72505
72875
74963
77050
76460
73365
73490
75621
76754
76911
73093
73509
74580
76775
76464
74692
73590
75358
77586
78149
74114
73440
75455
77696
78210
74106
73222
75140
76232
77581
72951
72625
73635
75806
76847
73386
72711
73899
76070
77070
74510
71916
73426
75565
76640
74243
72425
73670
74751
76920
74852
72958
72670
74846
77041
77085
73585
73186
74159
76365
77526
73199
73299
74360
76575
77084
73520
73016
74522
76676
76795
74310
72576
74369
75475
77406
73871
73035
73856
76030
77780
73720
72895
73905
76111
77640
75700
73346
74010
76205
77301
76010
72805
73851
74935
77130
75266
73701
73040
75026
77195
77735
73565
72725
74765
76901
76755
72950
72440
74429
76605
76760
72780
72720
74827
75894
76556
73126
72835
74950
76041
76655
72807
72986
74072
76294
76496
74285
72795
74386
75481
77617
74396
73160
73847
76090
77455
75315
73240
74344
76540
77675
75626
73120
74551
75640
77845
75650
74466
74365
76515
77641
77580
73285
73811
74910
77095
76405
74415
73299
75211
77400
78230
74301
73540
75645
76765
77765
74114
73836
74839
77050
77520
74800
72915
74751
76915
77850
74671
73492
75316
77545
78330
74044
73060
75162
76258
77794
74230
73880
74871
77068
78345
75860
73500
74989
77170
78200
75545
74144
74665
76852
79051
78100
73885
74431
76607
77718
76324
73866
73794
75810
78055
78295
73992
73357
75465
77625
77290
73750
73676
75790
77990
77221
73250
73894
76101
77795
75965
73531
74500
76685
77776
76345
72800
73942
75034
77213
75201
72956
72994
74995
77229
77365
73156
72895
75035
77163
76348
72715
72620
74751
76848
76155
72026
72340
74486
76499
73492
72409
72675
74865
76971
76095
72410
72705
74815
76830
75975
73190
73570
74621
76835
76530
74370
73180
75085
77326
77695
73986
73395
74406
76605
77920
73670
73446
74519
76740
76775
74665
73369
75126
77356
78145
74125
72919
74960
76075
77626
74065
73415
74391
76601
77841
75326
73150
74565
76730
77735
75039
73580
75136
76200
78269
74326
73118
73755
75962
77746
75874
73049
73775
74845
77059
76055
73855
72920
74925
77130
77736
74170
73375
75304
77540
78175
73776
72740
74780
76950
77247
73770
72880
73790
75945
77560
72982
71986
72960
75095
76710
74956
72135
72652
74804
75875
75349
71587
71950
74066
75155
74495
71524
71821
72855
74993
75056
71132
70743
72395
74525
74954
71779
71712
72733
74850
75665
71775
71606
72625
74790
75337
71941
71429
72775
74889
75965
71732
71261
72244
74376
75690
72181
71549
72460
74615
75720
75185
71415
71845
73930
74990
75540
72495
72475
73532
75690
76363
72638
72415
73475
75625
76565
73170
72716
74735
75840
76871
72674
71895
73295
75425
76477
72826
72227
73415
75581
76940
74825
72216
73445
75650
76735
74526
72405
73396
74455
76650
74461
72595
72150
74236
76445
76740
73225
72670
74695
75790
77075
73355
72561
74645
76830
75272
73799
73179
75221
77475
75557
73615
73149
75295
77481
77365
73710
73511
75665
76785
77569
73010
72875
75040
76146
76640
73271
73200
74230
76482
77094
73131
72649
74405
76585
77650
74760
73115
74696
75820
77875
74174
73064
75060
77276
78080
74438
73496
75430
76539
78181
73935
73551
74570
76760
78445
76781
75335
76880
78015
80330
81770
81547
82965
84170
86681
88005
90360
90201
90130
91027
92383
95140
96545
96910
95595
96200
97600
100606
102106
103579
103426
101085
101080
102346
103895
107021
107250
105270
104210
106150
107765
109420
111066
111545
109680
107651
108565
110202
111894
113610
113805
111086
107935
108885
110526
112190
113905
114656
112490
110710
109675
111231
112930
114670
115496
113115
110770
110320
111980
113681
115426
116379
114215
112276
110925
110765
113815
115545
116925
115011
112231
110644
110695
112186
113845
115580
115525
112777
111169
110700
111970
113670
115421
117105
115835
112845
110765
112210
113916
115640
117330
116295
113421
110601
111140
112795
114505
116266
116475
113280
110970
110990
112685
114425
116186
116710
114020
111656
110550
112195
113901
115670
116286
113530
110995
110374
112042
113734
115450
116651
114350
111916
110499
110206
111515
115021
116610
115250
112020
110027
109714
111095
112816
114520
116222
113251
111070
109975
110386
112036
113774
115510
113520
110915
109741
110580
112220
113940
115671
116750
114486
110705
110310
111540
113201
114901
116206
110614
108880
108710
110136
111800
113505
113715
111670
110305
109796
110870
112560
114307
115924
111536
109620
109230
110560
112236
113935
115695
113334
111250
110140
110296
111855
113560
115290
116046
110512
109119
109635
111282
112968
114711
115965
111465
109790
109395
110675
112366
114085
115510
110549
108695
108490
109931
111620
113316
114819
110855
108960
108156
109050
110740
112450
114151
110885
108586
107750
108810
110490
112216
113935
111221
109117
107648
107305
108541
111866
113465
112455
109585
107686
107296
108560
111941
113620
114360
111505
109351
108150
107625
110466
112175
113765
112931
110420
107726
108886
110549
112225
113931
113495
111000
107890
108055
109695
111410
113146
114220
111465
106752
106808
108325
110006
111715
111401
108950
107295
106405
107161
110420
112111
112565
109455
106865
105576
107105
108730
110356
112010
108526
106480
105295
105355
108490
110175
111520
109411
105955
102906
103985
105515
107087
108689
110190
105990
104091
102940
103190
106235
107830
109375
108676
105510
101995
102616
104130
105720
107310
107534
105285
103645
102691
104391
105935
107530
109035
108010
102330
101075
101625
104730
106311
107779
106471
103815
100961
101190
102590
104125
105676
106736
103654
101146
100116
102450
104016
105610
106875
102688
101038
100340
102470
104000
105580
106855
105176
100571
100375
101645
103135
104665
106765
104485
102480
101181
101060
103945
105516
107065
106857
103653
99714
100145
101612
103130
106128
105041
102775
101085
100316
101740
103285
104855
104591
101549
99585
99286
102049
103595
105141
105570
101411
100225
100140
101475
104535
106065
105470
102275
99195
99830
101316
102815
105670
104126
102000
99746
100485
102005
103515
105731
102900
100302
98903
100600
102107
103594
105085
101858
99885
98816
99360
102375
103880
105205
103455
99060
99010
100315
101836
104875
104234
102031
100377
100020
101491
103035
104570
104489
101300
99385
100285
101810
103320
104860
102875
100970
99697
99629
100980
104030
105455
103915
100910
98832
100100
101608
103176
105006
103004
101066
99775
101255
102751
104285
105685
101496
99355
98670
101205
102755
104285
104006
99475
98250
98321
101180
102700
104081
102340
95576
94155
94860
97765
98890
92568
90015
88551
89790
91130
92306
88726
84015
85061
86320
88076
85475
81960
81640
83776
86215
86075
80941
79550
80985
83336
84235
79996
78451
79075
81370
82557
82010
77604
77700
78855
81175
80435
78352
76814
78545
79690
81784
77365
76005
76526
78800
80470
78466
75799
76395
78668
79835
78900
74810
74521
76550
78836
77631
75539
74191
75780
78006
79154
76865
73825
74980
76050
78270
77052
75334
74220
75901
78180
79274
76155
73820
75482
77721
78855
76094
73937
74725
75835
78071
78165
73897
73239
74820
77050
78100
75790
73685
74765
76950
78090
77026
73177
73941
75020
77190
77335
75016
73515
74935
77179
78280
75102
72676
74135
76325
77431
75485
73330
74380
75470
77695
75680
72580
73416
74470
76685
75433
72820
72545
74261
76471
76173
73325
71616
73325
75463
76566
74269
72015
72846
74950
77020
73220
71511
72059
74191
76335
74181
72020
71980
73926
76080
75966
73704
71945
73710
75899
76921
73795
72180
73690
75916
76990
74225
71555
73020
75170
76745
74795
72285
73017
75150
76241
76115
71971
72455
74589
75650
76475
72724
72296
74295
75395
77112
72930
72175
73165
75360
77238
73560
72390
74201
75290
77435
73615
72326
72700
74797
76901
76480
73030
72826
74900
76005
77410
72935
72620
73605
75750
77405
73661
73001
74892
75995
77942
73947
72596
73515
75665
77541
73870
72980
73366
75525
77685
76675
72590
72958
75066
76150
76610
73135
72938
75060
76160
76920
72765
73031
75190
76275
76897
73314
73236
74281
76445
77055
73080
72525
74080
76240
77485
75295
73166
74152
76314
77411
75325
72625
73836
74910
77125
75371
72740
72565
74479
76675
77410
73166
72340
74355
75455
77260
73715
73011
75005
76175
78080
73828
72805
74825
75920
77417
73670
73161
74149
76332
77404
72655
72226
73250
75414
76531
72910
72430
73816
75965
76375
73320
71014
72465
74591
75479
73180
71300
72675
74810
75860
72865
70276
71686
73785
74875
73431
70865
71540
73655
75590
73920
70296
70884
72970
75020
74305
70845
70692
72745
74867
72752
70100
70295
72321
74445
72880
70583
70561
72420
74540
73285
71192
70236
72140
74260
73134
70506
70319
72152
74320
73901
71475
70140
71935
74056
74114
72030
70210
71490
73605
74581
70490
70540
72621
73700
74965
71426
70505
72256
73315
75280
71356
69846
71566
73681
74726
72506
70010
70658
71678
73790
74259
70291
70130
72186
73250
75080
71501
70235
71805
73871
74960
72860
70289
71532
73635
75401
73665
70885
71221
73267
75302
74644
70790
71130
73246
74301
74950
71681
71305
73310
75469
76010
71580
70669
72620
74725
75570
72075
70935
72601
74730
75750
72273
70275
71845
73961
75276
73404
71399
72321
74445
75515
74049
70990
71855
73965
75795
74290
71445
71850
73950
75915
74680
71041
71560
73685
75751
75150
72120
72136
74200
76342
75944
71727
72071
74176
76250
75435
72141
72410
74520
75586
76385
72430
72484
73535
75685
76316
72825
72714
73694
75860
76205
72121
71820
73635
75841
76825
73645
72291
73795
75980
77036
73700
71950
73571
75702
75996
73980
72421
73780
75975
77026
73570
71797
73595
75726
76675
73651
72110
73505
74560
76669
73386
71766
72524
74646
76685
74045
73166
73210
75340
77501
76608
72815
73346
75510
76610
76236
73180
72940
74877
77110
78065
74360
73071
75070
77280
77951
74130
73026
74850
77045
77731
73150
72005
74071
75131
76655
73026
72290
74301
76482
76840
72549
72111
74220
76353
76719
73135
72445
74380
75460
77380
73419
72160
73085
75234
77200
74121
73059
73109
75232
77251
76094
72250
72910
75010
76065
76294
72835
72860
74996
76080
77331
72761
71940
74011
75085
76360
72545
71776
73675
74745
76352
72035
70925
71860
73930
74510
70812
70615
72652
73719
74540
70075
69921
70930
72985
73510
70191
70480
71525
73661
74122
70025
70345
72400
73450
72800
69935
70491
72540
74490
70951
69792
71709
72790
74725
71495
70406
72285
74432
74902
70600
69915
71896
73995
74290
70911
70500
72430
74546
75000
70780
70151
72135
74225
74285
70835
70720
72696
74865
72841
70989
70440
72395
74471
73130
70800
71761
73850
74925
73049
70335
71570
73690
74760
72935
70905
72140
74250
75050
72494
70340
71839
73930
74405
72380
70790
72405
74485
74884
72305
70661
72445
74593
75575
72690
71275
72865
75045
76055
72477
70950
72851
75011
74984
72967
71691
73360
75490
75471
72685
71335
73175
75294
74300
71681
71735
73640
75790
74351
72183
71756
73815
75970
76266
72600
72315
74330
76515
74084
71964
72615
74742
76705
73495
72356
74005
75080
77174
73285
72280
74216
75285
77065
73705
72810
74714
75836
77370
73035
72530
73995
76175
77187
73685
73180
74456
76640
77730
74715
72529
74356
76521
77480
74155
72986
74709
75815
77887
74035
72940
73885
76070
77280
73626
73140
74524
76701
77796
74628
72537
74270
76465
77451
74350
73210
74990
76076
78085
73950
72835
73790
75955
77637
73992
73343
74265
76430
77521
75506
73039
74509
76735
77895
75790
73645
74906
75994
78200
75206
73834
74470
76645
78568
77136
74310
75096
76180
78445
76475
73650
74060
76235
78435
75560
74320
74300
76485
77610
77300
73605
74685
76870
77980
76290
73955
74965
76050
78270
75660
74066
74520
76721
78653
77093
74285
74936
77145
78285
76993
73660
74876
75989
78200
75835
74440
74254
76429
78537
77349
73845
74870
77086
78194
75925
73827
75145
76250
78251
74190
73046
73935
76125
77028
73582
73198
74837
77075
78051
74380
73250
75185
77406
77195
73795
73671
75805
76900
77554
73590
74006
75079
77265
76904
73886
73590
75330
77565
77495
75072
73815
75790
78045
76661
74725
74069
76135
77261
78061
73866
74101
75169
77341
77345
75330
73838
75641
77850
78529
74420
73575
75676
76795
77895
74513
74330
75370
77566
77979
75460
73799
75734
78055
78295
74554
74145
76341
77490
77780
72790
72630
73685
75884
75774
72155
72435
74555
75615
74341
71340
72085
74230
75515
73510
71565
72719
74899
75645
73085
70935
72556
74710
75775
73491
71920
73355
75486
76555
73370
71565
73170
75341
75475
73465
72235
73906
76070
76911
72846
71380
73300
75480
76285
73435
72501
74305
76480
77101
73016
71635
73630
75789
76475
73075
72145
73945
75027
76925
73400
71480
73264
74305
76386
73620
71907
72094
74156
76350
73985
71105
71205
73198
75300
74770
73011
71735
73321
75501
76130
73565
71310
72765
74910
76631
73176
72224
72211
74311
76475
73321
71780
71535
73591
75754
76060
72371
71600
73516
75666
76540
72936
71718
73595
75771
76770
74235
72719
74346
75420
77436
73427
72035
72905
75041
77150
74175
72756
73330
75474
77490
73325
72095
72646
74820
76895
76061
73050
73595
75805
76910
76715
72816
73090
75241
76330
76330
73408
73191
74995
77186
78024
73475
72010
73970
76170
76880
73466
72289
74001
76200
77050
72785
71279
73168
75321
75352
73338
72175
73995
75065
76911
73094
72305
74321
75410
76960
73500
73020
73982
76160
77541
73040
72396
73426
75595
76955
73495
72960
74103
76286
77480
74880
72191
73545
75735
76811
74565
73024
74585
76777
77863
74555
72370
73964
75040
77085
73729
72700
73565
75745
77669
73360
72317
72969
75115
76923
75241
72905
73840
76030
77125
74940
72281
73670
75836
76900
74810
73115
73541
75655
77836
77395
73307
73275
75431
76520
77035
73680
73994
76171
77290
77190
73462
73791
74850
77024
77024
74385
74122
75786
78012
78933
74461
73094
75035
77246
78080
74533
73696
75570
76677
78822
75160
73010
73661
75809
77991
77800
74155
73954
74965
77156
77345
73576
74446
75514
77706
76705
74019
74980
76072
78316
76991
73610
73705
75805
78055
76595
75056
74625
76721
77840
77985
73664
73980
75080
77289
76945
74021
74706
75800
78035
76575
73365
73550
75650
77915
76180
74535
74177
76308
78566
78155
73405
73311
75451
76554
76585
72870
72810
73860
76045
74835
71291
71926
74010
75686
74075
71417
72082
74195
75871
73739
70705
71896
73996
75655
73830
71345
72360
74535
76046
73835
70970
72165
74265
75445
73295
71260
72375
74506
75535
73115
70786
72100
74190
75694
73650
71567
72685
74806
75975
73895
71435
72895
75041
76090
73916
72440
74000
76201
77084
73560
72267
74125
75225
77190
73865
72895
73585
75701
77440
73220
72476
73464
75628
77106
75111
73155
74270
76460
77525
74489
72120
73689
75866
76945
74605
73125
74780
75855
77821
73870
72815
73772
75895
77265
73796
73390
74719
76886
77175
74447
72584
74390
76590
77276
73685
72978
74956
76050
77435
73095
72850
73895
76055
76480
73181
72731
74270
76446
76908
74156
72381
74156
76360
77340
74200
73286
75105
76190
78115
74388
73371
74320
76545
78101
76245
74050
75235
77435
78412
75863
73885
75460
76585
78735
76838
77226
78280
80565
81750
84076
84021
84509
86890
88170
90864
92131
92285
91830
92436
95180
96622
98054
98015
97250
97636
100545
102065
103567
102946
102524
102741
104221
107392
108994
109035
107241
106305
108556
110186
111839
113490
113660
111866
110280
111396
113105
114810
116535
117101
114260
111445
112571
114305
116050
117751
117015
114555
112821
113023
114735
116486
118295
118260
115153
112813
112270
113500
117000
118815
118646
115550
113311
112165
112200
113760
115485
117251
118000
112351
111020
111570
113210
114916
116640
117920
115541
111205
110647
111744
113450
115200
116926
114007
111843
110986
111905
113585
115311
117055
117785
115397
112065
112090
113551
115270
117040
118725
118056
115490
112781
113907
115678
117446
119255
120310
117695
115476
114265
115089
116860
118680
120461
119995
116375
113575
113355
115101
116855
118625
119435
116351
113665
112030
113166
114920
116685
118140
116036
112856
111024
112325
114015
115705
117286
115760
112997
111379
111375
113026
114747
116493
117410
114616
111715
110604
112255
113980
115745
117166
115130
112575
110411
111350
113051
114760
116510
117175
114326
111410
110575
112281
114040
115792
117129
115175
112696
110781
111937
113603
115305
117006
116410
113220
110901
111275
112946
114662
116413
116680
113966
112135
111025
110731
113775
115516
117255
116960
113661
111195
110255
113001
114710
116465
116765
113776
111191
109404
109831
111485
113161
114835
115085
112250
107861
108110
109700
111380
113081
114620
113000
108225
107000
106755
108141
109800
111485
113045
109895
107335
106121
108195
109851
111540
112970
111165
108461
105401
105179
106491
108075
109706
111196
107885
105151
103766
105475
107075
108686
110290
110140
105501
104101
103564
104431
107574
109191
110210
107445
104455
102690
103910
105480
107085
108741
107385
105271
103925
103396
106060
107660
109295
110065
107706
103525
103621
105082
106663
108275
108305
105950
104540
103776
105986
107609
109231
110606
108749
105876
103350
104610
106161
107740
109350
107280
104805
103242
102919
105620
107195
108842
109584
106810
102620
103060
104600
106175
109325
108580
106126
104430
103865
105381
106992
108618
109931
104845
102900
102610
105475
107087
108678
108846
106305
103216
103140
104445
106041
109275
108590
105431
103045
102860
104411
105981
107574
107896
104140
103005
103192
104630
107790
109320
108160
104952
101963
103054
104610
106205
108401
105874
103750
102365
103575
105132
106724
108340
105456
103050
102225
103075
106215
107840
108805
106896
105115
103246
104140
105695
107285
108921
106795
103910
102166
102135
103530
106686
108245
107535
105431
103860
103515
105056
106681
108304
109496
103724
101890
101590
104481
106029
107590
107846
105295
102041
101930
103275
106386
107961
107634
104401
101907
101561
103099
104646
106230
105205
102861
101285
100980
102426
103947
105514
106915
102544
100661
99895
102395
103920
105481
106230
101886
100685
100165
102515
104031
105570
104001
101150
99740
101449
102965
104535
106030
102724
101255
100656
101430
104474
106066
107620
107095
104216
101880
103055
104595
106171
107970
105345
103457
102179
103061
104595
106190
107820
107961
102558
101485
102271
105351
106896
107659
105447
103588
102161
103360
104905
108086
108155
104981
102615
102320
103870
105441
107005
107810
103439
102005
101870
103185
106335
107915
107622
104474
102050
101631
103130
104640
106220
105940
103760
102390
102265
103765
105335
106951
108125
102946
101220
101185
102550
105715
107295
107216
104670
101675
101810
103176
104735
107876
106960
104001
101326
102395
103925
105481
107785
105395
103160
101796
102455
103995
105571
107185
107430
102180
101170
101885
103401
106485
107887
106684
104435
102965
103006
104580
106180
107771
105825
103021
101501
101724
104715
106326
107810
106695
104282
101885
102380
103840
105376
108294
106542
103664
101800
102605
104141
105695
107300
107211
102641
101549
101606
102946
104504
107656
106775
103466
101255
100510
103140
104676
106255
107050
102726
101555
101450
102736
105870
107390
106400
103296
100731
101725
103260
106396
106779
104316
102450
101405
102675
104225
107392
107318
104600
102561
102833
104380
105922
107509
108355
103831
102240
101550
103956
105520
107105
107521
104365
100030
100121
101525
104590
105821
104040
101560
99076
99540
100965
102460
105459
104425
101430
99030
100042
101523
104625
105475
103301
101220
100090
101011
102545
104120
105836
102760
100165
98922
100746
102256
103800
105184
101185
99415
98421
98842
101790
103332
104764
103555
98266
97515
98480
101516
103035
104032
101838
97935
97070
97730
100675
102196
103560
102290
97231
96779
97891
99345
102280
102756
100165
96370
95756
96666
99600
101076
102250
100155
96041
95861
97144
100096
101605
102535
100506
97150
96620
97471
100360
101885
103340
102446
97220
96530
97636
100620
102091
102860
100460
96535
95627
96408
99306
100805
102220
101295
96361
95800
96895
99800
101270
102246
98170
96756
96170
98540
100035
101570
102926
98950
97265
96861
99409
100900
102396
103320
98870
97441
96945
99505
101021
102546
103504
98530
97020
96965
99791
101269
102785
102995
98030
96860
96820
99570
101045
102510
103006
97970
96575
96691
97995
100950
102406
101955
97641
96560
96535
99380
100911
102435
102955
97761
96500
96855
99714
101200
102690
102395
97655
96455
97701
99170
100660
102195
99885
97371
96355
97730
99175
102103
102098
99615
96435
96700
98130
99610
102645
102505
99571
96460
97100
98565
101605
103000
101945
99411
97052
97854
99325
100795
103325
100806
97916
97010
98391
99830
101335
99724
97530
96140
96711
98165
99620
101911
99450
95927
96574
98016
101031
102270
100957
97326
96734
97690
100655
102171
103472
102073
97395
97245
98540
101480
103000
103670
101301
97509
97240
98421
101380
102924
104141
102135
97320
97011
98245
101268
102821
103145
100475
97041
96595
97725
100706
102255
103360
101215
96535
96405
97675
100590
102055
102465
99871
96505
96235
97346
100260
101791
102880
100545
95941
96000
97355
98795
101801
102140
99561
97519
96145
97360
98805
101765
102550
99965
95975
96190
97585
99036
102035
102710
100326
98185
96026
96655
98085
101031
102515
102335
99385
96222
96800
98244
99730
102694
101961
99129
97515
96445
97775
99221
100705
102780
99966
97345
96406
97810
99260
102170
101151
98510
96035
96242
99070
100590
102106
102750
97381
96015
96100
98849
100322
101799
100227
97799
96135
95824
97241
98705
101741
101910
98870
96195
95156
96570
99485
100972
101234
98846
95901
95395
97645
99126
100632
100716
97655
95870
96528
97967
99421
100950
101630
99069
97510
96570
98114
99551
101029
103110
100250
97601
96585
98035
99491
100950
103055
100841
98765
97145
98195
99666
101145
104161
103440
100791
99385
100675
102201
103774
106975
108230
108071
108300
109220
110836
114296
116035
117807
119644
121476
123359
125281
127251
129234
131231
133276
135384
137501
139695
141950
144236
146530
148846
151195
153585
156001
158475
160980
163496
166045
168696
171430
174186
177010
179895
182851
185875
188991
192167
195415
198750
202145
205545
209006
212565
216261
220095
224026
228001
231925
235961
240096
244450
248851
253355
257996
267690
272746
277891
283121
288485
294071
