1835386
2800157
2437431
2027923
677173
468416
375871
373731
379145
372292
295266
236740
211660
206341
209780
201121
175200
155591
142052
134108
133936
135951
131224
119956
110390
104455
102890
104176
105760
106855
102735
97141
92810
90060
89900
91176
92520
93895
92830
88661
85620
83412
82788
83720
84961
86220
87485
87840
84840
81701
79590
78620
79360
80496
81685
82875
83570
80915
78381
76640
75305
75160
76055
77146
78245
79355
80150
78420
75895
73971
72880
72880
73777
74843
75936
77060
77855
76210
74030
72681
71915
72155
73135
74200
75292
76394
77400
76670
74025
72340
71202
71160
72109
73150
74207
75299
76380
76480
74030
72325
71301
70910
71560
72560
73590
74655
75731
76575
75060
72647
71349
70640
71030
72020
73047
74103
75175
76131
74920
72350
70995
70282
70445
71390
72444
73505
74550
75576
74990
72200
70680
69707
69710
70598
71611
72611
73659
74725
74861
72400
70560
69530
69155
69835
70837
71869
72935
73975
74695
72900
70551
69315
68866
69429
70415
71416
72441
73494
74525
74325
71950
70366
69485
69110
69880
70880
71896
72935
73975
74595
72750
70700
69601
69225
69885
70890
71902
72943
73961
74885
73650
71210
70016
69366
69494
70395
71390
72415
73456
74495
74592
72074
70264
69336
69265
70095
71100
72115
73140
74190
74946
73311
71114
69940
69200
69457
70374
71385
72400
73420
74427
74044
71515
70035
69190
69185
70091
71065
72080
73126
74174
75050
74011
71695
70300
69301
69151
69944
70930
71970
73015
74050
74266
72185
70365
69220
68800
69485
70466
71475
72495
73550
74555
74032
71409
69860
68935
68460
69020
70006
71050
72095
73132
74094
73260
70565
69125
68240
68335
69250
70251
71290
72335
73375
74370
73731
71055
69505
68331
67869
68507
69459
70440
71445
72451
73449
73420
70941
69175
68040
67705
68400
69391
70410
71450
72490
73520
73340
70511
68915
67980
67507
67993
68975
69997
71024
72070
73132
73703
71666
69425
68215
67625
68110
69065
70036
71025
72030
73045
73255
71111
69290
68405
67866
68364
69345
70316
71315
72335
73360
73570
70995
69098
68098
67810
68560
69540
70525
71536
72550
73575
73715
71365
69556
68702
68148
68650
69615
70620
71611
72615
73515
72515
70360
68946
68210
68455
69395
70405
71425
72461
73480
73380
70695
69120
68422
68199
68850
69870
70885
71925
72986
74065
75162
76253
77347
78489
79665
80855
82055
83280
84526
85780
87045
88335
89695
91067
92424
93805
95226
96685
98155
99662
101178
102712
104289
105890
107462
109064
110680
112350
114036
115770
117530
119315
121091
122905
124750
126606
128480
130390
132381
134440
136566
138730
140855
143041
145265
147517
149734
152000
154336
156705
159190
161716
164290
166865
169416
172071
174750
177555
180426
183360
186338
189384
192490
195645
198846
202175
205531
208957
212494
216075
219651
223290
227056
230876
234810
238826
242910
