331795
233696
230386
234840
239366
243972
248579
253216
258025
263101
268362
273649
279081
284651
290291
296172
302309
308666
315116
321802
328804
335996
343476
351178
359204
367691
342551
276050
262531
267661
237217
176934
148726
136824
134447
136489
138746
137826
126649
117296
110205
105536
103924
105190
106881
108605
109476
95750
91060
89525
92001
93425
94800
93226
85450
83370
83596
84889
87520
88285
81380
79110
79531
80755
83190
83306
77510
76085
76470
77601
79945
80861
75686
73535
74415
76711
77879
75745
73340
71800
73591
74679
76915
73880
72115
71771
73870
75000
76800
74876
71699
72140
73231
75475
76635
74156
71510
72005
74125
75225
76790
72675
71700
72215
73285
75495
76735
74450
71729
72012
74161
76421
76881
72662
71568
71663
72721
74920
76361
74130
71065
71157
73223
75435
76385
73100
71901
71475
73542
74634
76569
74845
71519
72175
73281
75563
76616
73150
71292
71579
73710
74790
76801
73229
71960
72695
73786
76075
76487
73934
71915
72195
74301
75425
77326
75569
72027
72910
74005
76260
77276
73305
71374
71685
73785
75985
76815
72860
71635
72230
74415
75545
76675
74181
71480
72021
73114
75325
76320
72991
70856
71414
73581
75800
76105
71950
71045
71421
73595
74695
76190
73985
71061
71981
73025
75195
76255
72710
70711
70924
73016
74125
76230
72537
71266
71570
72635
74825
76721
74828
71390
70790
72240
74376
75470
74354
72335
70979
72925
74005
76215
73830
72325
71411
73380
74450
76651
76365
72195
71951
73015
75250
76400
75841
73595
71970
73426
74525
76771
77409
73285
72281
73284
75506
77450
75774
72426
72387
73448
75665
76761
73925
71405
71835
74030
76271
76535
72109
71289
72230
74410
75535
76158
73531
71349
73084
74201
76480
73636
72005
71660
73750
74850
76875
75570
71971
72610
74780
75910
76875
74216
71657
72766
73850
76070
77141
73825
71660
73535
74670
76915
77250
72920
72075
72835
75020
76150
76855
74190
71760
73335
74410
76666
74900
72865
71781
73790
74900
77135
74245
72530
72510
74650
75760
77151
72625
71860
72747
74928
76053
76520
73855
71355
73000
74090
76367
74543
72550
71560
73532
74653
76864
76110
71882
71930
74105
75235
76539
73956
71245
72264
74444
75540
74836
72574
70880
72810
74996
76100
73561
71046
71955
73035
75215
76307
73096
70790
71346
73479
75711
76200
71920
70950
71867
74025
76217
75888
71910
71791
72851
75011
76140
75290
72006
72321
73384
75620
76725
73665
71426
71950
74090
75190
76476
72190
71430
72415
74592
75683
74852
71102
70873
72900
75105
76180
73345
71270
71695
73835
76070
77105
73465
71216
71815
73970
75075
76881
72686
71644
72011
73065
75270
76406
74100
71020
72251
73345
75570
76310
72009
70695
71407
73546
74660
76590
72789
71650
72535
74701
75815
75765
73055
71221
72606
73670
75895
75160
72590
70815
72760
74943
76045
73315
71830
71215
73255
74346
76396
75221
71265
71402
72458
74605
75725
74320
71267
70878
72610
74760
75871
73805
70413
70176
72068
73145
75359
73478
71640
70516
72305
73385
75625
76076
71776
70765
72795
73880
76109
73121
71615
71065
73110
74205
76400
73351
71761
71400
73541
74635
76334
71936
71023
71526
73681
74805
76205
73535
70572
71675
72725
74940
75415
72755
70812
71204
73320
75500
76395
72430
71165
71675
73861
74985
76180
71991
71210
72060
74231
75340
75430
72815
70960
72795
73890
76096
76715
72404
71175
71931
74106
75229
75926
71678
70907
72400
74565
75667
74446
71170
70745
72521
74730
75825
74147
71055
70930
72880
75081
76200
73186
70932
70879
72885
73969
76170
73321
71899
71542
73690
74785
76652
74654
71630
72060
73111
75325
76460
73969
71065
71191
73306
74410
76551
72772
71674
71655
72690
74901
76710
74560
71065
71764
72855
75044
76137
73200
71228
71320
73370
75585
76596
72885
70860
71605
73795
74940
76760
72586
71660
71915
74036
75160
76780
74360
71235
72260
73340
75566
75410
72660
70941
72405
73492
75732
75279
72635
70780
72552
74748
75845
73725
71875
70940
72875
73945
76167
76299
71935
71090
72120
74303
76385
75115
71556
71580
73695
74786
76479
74205
70966
71837
74000
75105
76185
73537
71210
72190
73290
75480
75850
73270
71100
72635
73720
75992
76488
72410
71300
72016
74141
75249
76595
72050
71010
72075
74245
75355
75325
72702
70916
72378
74564
75685
74310
72230
70985
73000
75221
76300
73205
71856
71325
73366
74485
76565
74932
71255
71715
73891
75010
76345
73665
71049
71789
72870
75062
75375
71235
71240
72290
74480
75575
74345
71290
71686
72720
74897
76014
73445
70816
72186
73270
75470
76545
72946
70950
71195
73300
75545
76540
72966
71466
71555
73715
74831
76954
75815
72168
71500
72500
74651
76720
75460
72066
71460
73190
75431
76575
74150
72385
71215
73065
74155
76396
76610
72125
71165
73195
74270
76432
75488
71652
71140
73206
74280
76380
75255
71626
71800
73996
75130
77005
75020
71674
71530
72585
74776
75880
73595
70906
70849
72850
75046
76125
73100
71716
70936
72990
74088
76170
72665
71315
71145
72210
74415
76055
73777
70995
70710
72630
74865
75975
73500
70855
70975
73015
74085
76200
72560
71500
71231
73325
74425
76477
74944
71049
71276
72326
74535
75876
73455
71110
71805
72869
75036
76134
73133
70660
70980
73080
74196
76230
72590
71480
71439
73550
74662
76575
74565
71316
71641
72704
74893
76226
73659
71256
71971
73050
75285
76396
72937
70695
71060
73200
74305
76311
74559
71231
71265
73391
74500
76405
74507
71211
71622
72683
74868
75986
73480
71425
71351
73348
75596
76719
73974
72320
71729
73855
74975
77030
75131
71550
71480
72546
74750
76846
75395
71775
71310
73198
75410
76520
74395
72611
71345
73301
74369
76565
75945
71849
71465
72527
74700
75830
74799
71705
71310
73030
75245
76362
74105
71251
71264
73340
74435
76438
72738
71923
72100
73150
75331
76929
74520
71395
72185
73240
75472
76484
72783
71211
71510
73615
75840
76611
72535
71266
72150
74340
75466
76546
72280
71580
72515
74680
75795
76387
73744
71235
72710
73790
75990
73961
72039
70980
72790
73880
76090
73646
71849
71115
73225
75461
76430
72545
71530
71546
73680
74792
76370
72275
71210
72053
74160
75285
75135
72656
70921
72155
74306
75430
75021
71406
71020
72884
75105
76221
73631
71386
71290
73260
74370
76535
73350
71841
71532
73750
74860
76620
74451
71580
71750
72815
75070
76202
74491
71571
71554
73615
74733
76925
76030
72300
71930
72921
75110
77050
75072
71650
72135
73206
75431
76531
73339
71101
71119
73160
75375
76355
72671
70996
71729
73901
76090
75515
71420
71205
72230
74390
76475
75225
71445
71940
74107
75213
76711
74210
71720
72436
73531
75762
75857
73179
71169
71845
74001
76205
76005
71876
71330
73371
74445
76620
76115
72071
71890
74081
75195
76980
74795
72050
72350
73435
75677
76755
74034
71374
72592
73659
75850
76740
72870
71475
72055
74205
76490
76785
72156
71040
71942
74106
75230
75667
71726
71005
72032
74167
75299
75045
72745
70961
72715
74936
76054
73470
71950
71050
72925
75120
76262
73492
71944
71395
73509
74590
76620
73017
71884
71270
73361
74445
76660
75756
71506
70970
71995
74150
76125
74647
71415
70995
72005
74195
76310
75430
71722
71311
72345
74525
75630
74345
71620
71125
72770
74949
76065
75561
73300
71115
72698
73792
76015
73885
72200
71070
72958
74046
76251
76514
72290
71285
72300
74485
76681
75809
72130
71370
73410
74525
76735
75835
71765
71385
73566
74669
76511
74585
71575
71676
72735
74886
75979
74155
71175
71931
73019
75205
76245
72607
70695
70840
72895
75086
76065
72755
70961
71650
73830
74935
76390
72510
71650
72141
74330
75490
76341
72141
71155
72567
74738
75865
75036
71665
71027
72545
74790
75900
74916
71835
71645
73615
75831
76920
73461
71605
71755
73818
76071
77085
73295
71975
72181
74375
75491
76801
74165
71693
72281
73345
75630
76715
73480
71324
71615
73746
75985
76710
72647
71345
71885
74031
75136
76810
72661
71535
72319
73395
75623
76120
73495
71600
71676
73745
76015
77001
72960
71141
71891
74055
75155
76275
71905
71035
71812
73964
75085
75590
72005
71345
72605
74755
75867
74400
71760
71423
73244
75475
76636
74280
71528
71621
73740
76021
77055
73315
72151
71840
73980
75075
76976
72854
71745
72495
74655
75765
76411
73794
71805
72980
74070
76279
75618
73351
71580
73420
75675
76751
73789
71671
71795
73922
76169
77061
73120
71775
71920
74045
75146
76690
72750
72010
72725
73815
76035
76825
73966
71430
72795
73901
76119
75950
73395
71615
72997
74053
76250
77130
73187
71671
73584
74674
76918
73575
72315
71826
73875
74955
77085
73380
72005
72070
74200
75290
76070
72181
71436
72415
74557
75664
75945
72116
71470
73215
75413
76496
73680
71385
71456
73540
75795
76910
73855
71464
71955
74076
76298
76935
72618
71315
72031
74191
76437
76588
72206
71375
72400
74620
75746
75200
71811
71255
72860
75040
76186
74821
71534
72200
73297
75465
75370
72885
71065
72669
74820
75925
74186
71180
71070
73070
75245
76305
73120
71290
71545
73620
74730
76660
72660
71476
71895
74035
75135
76000
72170
71595
72851
75095
76226
75191
72030
71810
73759
75970
77035
73402
71815
72295
74455
76675
77356
73500
73231
74310
76525
77670
79656
79179
78706
79240
81545
82805
85281
84865
82466
82690
85060
86322
87624
86840
85310
84566
85567
86884
89536
90431
86210
85150
85575
88175
89530
89371
87025
85875
86256
87540
90230
91035
89036
85935
86230
88805
90115
91375
88254
87030
86370
88281
89590
91971
89919
87346
86274
87535
88877
91535
90945
88375
86399
87010
88295
91015
92125
90700
86617
86700
89300
90656
92000
89910
88146
87241
88425
89724
92360
91797
89034
86650
87585
88910
91641
92440
90062
86866
86625
88986
90394
91781
92350
87800
86726
87315
89970
91350
92551
88701
87359
87615
88940
90331
92725
90671
88009
86436
87605
90262
91654
91990
87845
86801
87840
89136
90489
92105
89550
86391
86995
88300
91015
92167
88490
87156
86624
88660
90000
91370
92251
87853
86572
87980
89295
91996
91630
89315
86917
87054
88275
91020
92371
92050
87194
86471
88530
89910
91295
90266
88070
86735
87586
88900
91590
92321
90100
86885
87156
89775
91140
92445
89215
87740
87234
88495
89850
92430
91131
88700
87015
88107
90830
92255
92561
90140
87205
87061
89505
90895
92260
89294
87580
87937
89304
90680
92052
90030
88096
86730
87680
89046
91790
92425
90161
86920
87256
88500
91150
92220
90645
87245
86715
88837
90164
91535
90311
88065
87066
88750
90106
91500
91341
89219
87976
88440
89785
91141
93311
91169
89045
87893
89140
90491
93226
92369
89871
87512
87963
90640
92046
93045
88756
87410
87340
89885
91285
92556
89016
87595
87440
88700
90020
92502
90849
88326
86895
87985
89330
91980
91220
88766
86744
87256
88525
91221
92395
90880
86695
86537
89030
90404
91770
89547
87868
86860
87910
89225
91906
91630
88895
86066
86740
88021
90690
91770
90151
86475
86025
88135
89475
90825
89601
87294
86110
87491
88820
91517
91334
88875
87217
86756
88005
89355
91912
90713
86695
86400
87431
90120
91505
91786
87806
86709
86685
89139
90505
91855
89091
87221
87240
88551
89895
92111
90240
88230
87007
88048
89401
92176
92768
90341
87070
87381
88674
91385
92570
91230
87630
87025
88996
90335
91705
92725
88451
87176
88270
89620
91001
91716
89305
87676
87090
88330
91050
92325
91555
87461
87115
88125
90826
92201
92644
90152
87106
87005
89483
90880
92271
90106
88006
87044
88745
90085
92655
91310
88760
86647
87309
88627
91316
92420
90695
86824
86710
87830
90510
91871
92125
87525
86511
86445
88850
90175
91531
88580
86891
87035
88370
89710
91461
89271
87555
86646
87805
90520
91901
91770
87390
86745
87561
88857
91591
92561
90594
86932
86593
88790
90170
91550
92451
88029
86920
88446
89775
91125
91041
88380
86910
86906
88200
90910
92050
90426
86405
86405
87625
90340
91650
91461
87030
85960
87612
88944
90315
90741
88195
86320
87275
88606
91290
91755
89316
86175
86190
88620
89950
91310
88706
86910
86955
88260
89611
91735
89605
87596
86480
87600
88945
91720
92075
89555
86626
87165
89825
91241
92360
88345
87092
87737
89055
90394
92013
89150
87076
86750
88045
89396
91946
90370
87755
85869
86705
89341
90694
91681
86935
85507
86825
88175
89550
90981
88340
86350
85326
86504
89170
90503
90147
85165
84166
86000
87301
87301
83100
80410
78657
79738
82165
83300
78066
75085
75705
77981
79170
77210
73490
73138
75053
77306
78330
74301
72219
72876
75095
77165
73228
72160
72650
74866
75995
76545
72161
71430
72960
75158
76145
73370
71026
72335
74505
75615
74170
71190
71366
73495
75755
76320
72216
71605
73646
74745
76579
74645
71561
72595
74770
75885
74576
71720
71680
73635
75835
76785
73041
71800
72549
74771
76843
75460
72170
72465
73540
75716
75990
73467
71569
73221
75406
76464
73415
71685
72142
74281
76559
76705
72580
72175
73240
75455
76634
74380
72202
73431
74524
76790
75056
73144
72434
74525
75650
77090
74781
72360
73605
75826
76945
75688
73620
72485
74510
76756
77465
73430
72262
73069
75209
77306
76210
72811
73332
74418
76650
77535
74880
72331
73385
74475
76730
75055
72041
72000
74070
76305
77091
73130
71595
72356
74550
76795
76842
72675
72225
73296
75495
77151
75109
72205
72811
73885
76105
76687
74558
72571
74175
75275
77520
74520
72925
72361
74469
75590
77700
74075
72746
72919
75065
76195
75486
71909
71803
72830
74995
76480
74117
71391
72485
73561
75746
74679
71830
71459
73138
75335
76456
73825
71015
71305
73395
75616
76459
72730
71065
71565
73711
75905
76480
71938
70865
71795
73916
76000
74730
71350
71415
73536
74624
76125
73927
71059
72046
74200
75310
74081
71196
71995
73060
75250
75726
73135
70920
72400
74621
75750
73175
71110
71211
73230
75380
76332
72525
71170
73124
74220
76280
72675
71490
71810
73986
75100
76750
72540
71727
72758
74955
76604
72411
71464
72325
74470
75585
76385
72175
71771
72829
75005
76917
75304
72090
72364
73431
75635
77410
74950
71350
71870
74036
75120
76690
72526
71355
71340
73420
74524
76565
75071
71315
71675
72730
74900
76040
75740
73177
70839
72085
74253
75362
75735
71506
70506
72045
74180
76262
75079
71165
70571
71585
73705
75850
75281
71360
71475
73616
74720
76720
73081
71685
71600
73739
74840
77047
76208
71986
71990
73065
75301
77144
75055
71936
72320
73400
75586
77084
74570
71511
72701
73784
76045
76986
73186
71568
72210
74390
76675
77152
73250
72080
72794
74982
76073
75145
72021
71710
73509
75736
76850
74345
72076
73381
74454
76705
75070
73170
72013
73890
75011
77280
74807
73108
72570
74710
75815
77025
73201
72475
73510
75713
76866
76240
72844
72386
74170
76395
77476
74235
72566
72871
74925
77190
78005
73820
72485
73400
75630
76750
75985
72640
72801
73899
76151
77285
75527
72569
73650
74745
77001
77755
73960
72806
73485
75695
77976
77845
73590
73046
74135
76425
77545
75156
72689
73786
74884
77135
78065
74371
72949
73840
76033
77940
75801
72714
73420
74510
76777
77060
74555
72567
74260
75380
77610
74470
73185
73243
75445
76605
78362
74258
73198
74065
76266
77415
76045
73365
73245
75160
77401
78374
74375
73025
73517
75710
76846
76120
72730
73015
74110
76335
77440
74759
72310
73894
75005
77270
74840
73232
72691
74770
75875
77909
73686
72304
73065
75305
76441
75472
72822
73391
74479
76709
77815
74703
72291
73959
75075
77350
74540
72910
72125
74156
75269
77311
73320
72070
72841
75030
76141
75580
72260
72690
73770
76015
77296
74820
72275
73770
74850
77086
74285
72885
72552
74703
75790
77610
73370
72345
73284
75526
77351
75356
72600
73137
74223
76435
77210
74495
72285
73907
74998
77251
74610
73120
72285
74335
76549
77620
73985
72305
72388
74540
75641
76999
72940
72105
72997
75201
76330
76613
73946
71930
73684
74765
76990
74700
73105
72310
74404
75525
77605
73851
72196
73081
75295
77435
76411
72745
72590
73631
75825
77540
75501
72669
73745
74825
77100
75832
73798
72500
74262
75348
77585
74400
72855
72755
74916
76029
77205
73404
72480
73451
75670
76805
75935
72535
72480
74575
76805
77615
73875
72721
72915
75110
77364
76825
72835
72952
74039
76272
77348
74820
72650
73620
74704
76965
75995
73757
72515
74544
76792
77668
73960
72789
73530
75739
78015
77600
73386
73211
74280
76511
77614
74889
72875
74145
75240
77519
78210
74055
73295
74355
76590
78250
75975
73135
73680
74765
76995
77520
75072
73079
74710
75815
77995
77316
73706
73422
75579
76730
78261
74056
73175
74530
76775
77926
75995
73405
73291
75255
77506
78510
74760
73246
75270
76420
78356
76615
73712
74180
76400
77556
78396
74007
73373
75185
77455
78587
75710
73675
75030
76155
78446
76346
74439
73900
76095
77236
78401
75821
73463
74656
76892
78028
76560
73534
73585
75696
78020
78155
74227
73565
74512
76740
78341
75924
73197
74502
75623
77887
76185
74625
73991
74984
77270
78810
76277
73409
74425
75540
77770
75451
73874
73395
75500
76635
78256
74079
73161
74431
76680
77825
75555
73340
73465
75601
77900
78525
74596
73620
74587
76825
78555
76315
73431
74090
76360
77515
76426
74311
72970
74966
76095
77915
74199
73380
74075
76291
77455
76670
73396
73395
75440
77711
78485
74735
73535
74346
76570
78740
77575
74135
74791
75895
78175
77221
74995
73530
75431
76549
78615
76995
73477
74015
75125
77370
76805
74441
73067
74915
76040
78125
74250
73010
73582
75786
77871
76609
72986
72829
73895
76115
76485
74002
72306
74110
75232
77466
74330
73055
72895
75036
77285
77495
73515
73205
74315
76530
77595
75025
72725
73935
76170
77301
76625
73100
73011
75082
77341
78034
74029
73319
74280
76565
78625
76980
73420
74190
75282
77515
76776
74589
72930
74460
75585
77866
77520
73740
73896
76110
77255
77491
74990
73243
74686
75810
78104
78260
74032
73605
74695
76967
78119
75925
73746
74764
75885
78186
78380
74320
74120
75211
77435
77492
74959
73611
75336
76475
78763
75745
74061
74210
76441
77580
76935
74600
73313
75215
76345
78512
74722
73443
73980
76230
77370
76396
73384
73126
75130
77391
78225
74246
73371
74366
76615
77881
75505
72955
74023
76252
77398
76051
74100
73360
75556
76685
78249
73988
73031
73675
75910
77041
76830
72980
73766
74855
77140
76690
74470
72840
74476
75585
77780
77270
73236
73380
75586
76715
77246
74804
72496
73780
74880
77133
75475
73395
72409
74511
76766
76919
72965
72065
72830
75051
77266
76764
72844
73100
74180
76425
76570
74090
72311
73810
74900
77136
74722
72635
73165
75390
77605
77126
73285
73065
74135
76345
77475
75865
73336
74600
75720
77905
74465
73295
73321
75505
76641
78346
74155
73240
74721
76925
78067
75831
73215
74091
75185
77406
78225
74300
73325
75426
76554
78340
74396
73719
74566
76810
77957
77321
73585
73400
75431
76550
78645
74829
73851
74385
76572
77704
77385
73580
74295
75401
77670
77380
74935
73449
75100
76215
78450
77780
73909
74125
75266
77530
77092
75049
73780
75511
76645
78846
74991
73669
74176
76365
77480
76885
73595
73380
75311
77555
78681
75510
73775
74471
76725
78945
77655
73866
74010
76206
77370
78025
75290
73385
75206
77466
78590
75565
73450
73675
75829
78101
78759
74585
73790
74825
77025
78690
76555
73656
74020
75130
77375
77440
75080
73327
75105
76230
78131
74355
73116
73884
76101
78115
76545
73502
74345
75442
77681
78469
74668
73890
75990
77130
79136
75246
74089
74669
76928
78090
77146
75300
74285
76357
77495
79522
75581
74546
75495
77776
78920
76855
74412
74283
76295
78595
79345
75230
74245
75180
77440
79106
76880
74020
74595
75691
77955
78231
75713
73735
75501
76619
78907
78583
74830
74175
76362
77529
79180
76680
74029
75295
77548
78690
76266
74740
74110
76184
77330
79150
74821
73795
75043
77320
78505
76355
73917
73999
76095
78390
79140
74910
74051
75051
77292
78911
76785
74175
74770
77010
78165
76840
74852
73940
76090
77232
77865
73542
73023
74217
76425
77556
77360
73334
72905
74790
77015
78095
75340
73511
73724
75850
78115
78975
74840
73371
74244
76435
78466
77079
74047
74265
75352
77611
77930
75352
73911
75815
76910
79110
78241
74690
74775
77017
78188
78209
75780
74120
76004
77135
79321
75487
74379
74330
76475
77631
78640
76135
74273
76045
78316
79284
75390
74187
74440
76660
78854
78074
74190
73915
75925
77091
79229
75577
74694
75205
77480
78671
77536
74144
74255
76430
78761
79089
74945
74170
75145
77405
79161
76889
73802
74990
76135
78456
76480
74690
73715
75835
76940
78986
77200
73850
74816
77085
78242
76870
75116
74280
76351
78640
79185
74945
74340
75405
77669
78989
76670
74351
75255
76390
78690
77560
75405
74380
76545
77697
80076
80019
75490
74425
75486
77791
79674
77430
73845
73825
76020
78335
79365
75965
74631
74140
76305
77436
79365
75167
74014
75028
77295
78441
77259
75160
74047
75940
78226
79284
75725
74340
74700
76940
78095
77810
74395
74010
75785
78071
79185
75861
73360
73720
75895
78156
77869
74234
73816
74850
77131
78614
76170
73590
74989
76076
78345
75991
74370
73655
75745
78018
78636
74655
73626
74625
76850
77992
76280
73680
74541
75635
77906
76911
74840
73600
75636
76745
78765
77306
74315
74717
75823
78050
78476
75769
73601
74310
76565
78810
78180
74675
74586
75675
77935
79025
76500
74108
75815
76980
79275
76131
75010
74875
77095
78251
78360
75836
73807
75765
76925
79101
75640
74395
74656
76900
78050
78708
74460
73855
75603
77835
79000
76525
74860
75325
77543
78676
81050
81096
80635
81065
83494
84756
86960
86050
84471
84765
87165
88515
89861
88205
86910
87825
89150
91906
92470
90831
88404
88535
89707
92465
93661
92250
88755
88972
91555
92950
94211
93250
90475
89955
90645
93485
94927
95864
91640
90916
91704
94475
95901
96499
92590
91525
91505
94070
95551
96949
96001
92160
92060
93265
96176
97635
97789
95675
93062
93318
94661
97580
98615
96586
94310
93275
94611
96050
98855
97890
95830
94385
94366
95800
97285
98800
97115
94860
93745
95721
97220
98740
99926
96120
94730
94370
96860
98325
99765
99891
97175
94530
95551
96980
98450
100171
98071
96190
95151
96516
97979
99455
99035
96566
94859
94801
97625
99155
100641
100085
95415
94300
94565
95900
98819
100011
98060
95430
94466
95850
97320
98821
99955
96135
94855
94466
95545
98517
100010
99649
96645
94070
95075
96522
97999
99700
97405
95750
94810
96092
97513
99006
99460
96635
94851
94475
97062
98539
99936
99039
95161
94271
94684
97601
99096
100199
98060
94195
94355
95750
97236
100030
98830
96281
94660
94650
96091
97605
99140
96910
94726
93715
95653
97106
98570
99411
95481
94195
93885
94901
97800
99320
99566
97035
93895
94697
96125
97549
99791
97650
95490
94177
95142
96599
98100
99761
97135
95020
94257
96580
98065
99586
100260
96047
94649
94210
95235
96680
99616
99410
96605
93746
94595
96020
97492
99961
98031
95914
94171
95275
96720
98195
99940
97085
94755
93716
95930
97387
98869
99730
95434
94080
93731
94905
97831
99315
99235
96337
93566
94355
95785
98711
99215
96435
94130
92589
93785
95225
96717
98145
95575
93746
93972
95355
96769
98230
96677
94713
93581
94332
95773
97212
98674
96306
94115
93145
95276
96705
98210
99047
94575
93270
92930
94000
96880
98340
98221
93390
92665
93450
96376
97859
98560
96181
92736
92504
93680
96589
98035
97971
95235
92537
93354
94760
97706
98299
95921
93845
92656
93880
95321
98285
97781
94970
93180
93605
95035
96460
97810
95201
93225
91796
93000
94410
97353
97141
94260
91636
92650
94060
95500
97375
95010
93130
91047
91954
93381
96275
96811
94285
91040
91641
92995
95931
97080
95400
93000
91091
91905
93275
96190
97421
95635
91105
91060
92260
95095
96526
95765
92900
90241
90605
93345
94806
96205
92686
90824
90341
92775
94197
95604
92535
90505
89461
90945
92305
93717
94495
91565
89326
90365
91745
94576
94920
92545
89635
89526
90695
93440
94831
95065
90111
89150
89855
92580
94005
94926
90620
89351
89861
91194
92565
93981
92725
90247
89016
90330
91730
94541
93840
91022
88505
89005
90345
93165
94446
93140
88531
88345
90895
92265
93681
94445
90125
88816
89496
90834
92217
94245
91770
89546
88781
90079
92810
93990
92595
89061
88440
89130
91869
93241
94520
90345
88636
89540
90880
92235
93435
90835
89115
88385
89669
92435
93760
92925
88416
88070
89145
91920
93330
93650
88951
87820
88786
90114
91465
93445
90765
88436
87800
89085
91812
93094
91970
88040
87246
87730
90325
91711
93055
89310
87545
88005
89315
92051
92710
90570
87801
87830
89000
91768
93171
90386
87629
85995
87630
88965
90295
85625
82890
80440
81217
83705
84932
81816
77020
76805
78986
80154
81151
78211
75315
76226
77369
79685
80005
74998
73915
74926
77236
78391
75370
73238
74700
75835
78079
74866
73010
72766
74970
76085
76345
72611
72205
73840
76076
76971
74399
72026
73640
74730
76771
73209
71910
72567
74729
76960
76605
72394
72368
73432
75621
76695
73650
71829
73345
74425
76636
73912
71440
71906
74034
76180
75626
72025
72145
73150
75351
76736
74259
71641
72915
75081
76205
74217
72020
73152
74213
76430
77255
73010
72135
74235
75360
77030
73171
72530
73442
75626
77605
75975
72625
73317
74384
76587
76230
73835
72392
74220
75300
77405
76315
72195
72604
74751
75846
75374
72036
72625
73712
75945
75280
71466
71284
73240
75390
76055
72535
71420
73241
74320
76431
72970
71620
72054
74202
76090
74540
71620
72232
73304
75480
76480
72585
71106
73075
74156
76013
72300
71506
72300
74470
76630
73081
71789
72339
74481
75589
75501
71975
71625
73355
75525
76376
73749
71641
73265
75501
76624
73855
71850
72191
74315
76557
77314
72735
71625
73650
74750
76520
72486
71742
72583
74761
76914
75985
71935
72425
73480
75676
75490
73145
71945
73735
75964
77035
73709
71710
72410
74635
76750
75710
72376
72688
74833
75941
76275
72406
72054
73900
76126
76989
73410
71695
73211
74290
76460
73148
71346
71999
74170
76230
74930
71565
71784
72850
75004
75660
73132
70904
72611
74835
75920
73816
71415
72558
73640
75843
74836
72634
71545
73660
74751
76655
72771
71504
71814
73995
76179
75720
71270
70830
72926
74000
75835
71859
70785
70895
72980
75150
75351
71053
70214
71220
73385
75421
71615
70445
70200
72235
74398
75297
71198
69609
71431
72475
74630
72705
69955
69952
71870
74030
75391
72694
69811
70987
73100
74176
74130
70215
70325
71355
73505
75466
71470
70140
70606
72665
74806
74825
71090
70315
71245
73335
75511
75284
71055
70950
73051
74120
75820
71980
71044
71776
73924
76061
74980
71006
71496
73620
75801
75209
71254
71315
72360
74556
76365
74195
70967
71880
74011
75115
74745
71285
71630
72680
74855
75829
73035
70476
71736
73871
75611
73525
70891
71520
73665
74770
75240
70964
70315
71835
73980
75515
73090
70600
71540
73660
75804
75015
71035
71190
72241
74430
75341
72740
70665
71865
74061
75185
74625
70916
71534
72605
74755
75002
71291
71036
73155
75346
76029
72075
71055
73081
74165
76210
72666
71290
71960
74119
76325
73761
72099
71755
73865
74965
76130
71880
71300
72396
74565
76665
75561
71820
72385
74570
75720
75865
71936
71705
73431
75680
77115
74630
71895
73270
75440
76580
74229
71635
71580
73585
75826
76874
72995
71177
71833
74031
76250
74097
72179
70959
72910
75066
76186
73290
70511
71655
72735
74940
74505
70776
70111
71553
73671
75606
73945
70205
70811
72920
73986
75075
70720
69781
70649
72720
74915
75005
70520
70024
72090
73160
75200
71545
69998
70418
72489
74675
75606
71665
70004
71840
72905
75070
72675
70460
70550
72530
74674
75320
72745
70735
72390
74595
75710
73575
71306
72395
73470
75661
75875
73320
71305
73085
75261
76385
74155
71710
71786
73861
76054
77045
73420
71790
73755
74876
77095
73485
72235
72219
74380
76584
77260
72800
71811
72840
75035
77180
73160
72100
72288
74410
75530
77320
72820
71435
72375
74521
76695
76637
72346
71280
73244
74355
76555
73593
71185
71626
73745
75931
76745
72589
71441
73135
74230
76480
73970
72185
71300
73410
75680
76636
72875
71654
73409
74465
76690
74016
72120
71490
73580
75821
76745
72930
71466
72025
74108
76340
74275
72365
71571
73625
74705
76740
73010
71745
72365
74491
76705
76855
72605
72190
73236
75401
77000
72886
72045
72611
74775
75886
76827
72450
71925
72941
75155
77041
75240
72070
72076
74180
75285
77010
72705
71825
73100
75315
77481
76294
72730
72824
73895
76115
77999
75925
72511
73500
74600
76851
75446
72196
71890
73765
76025
77149
74810
72355
73696
74770
77036
74796
73135
72365
74370
76620
77710
74619
72956
72785
74929
77160
77525
73457
72693
73515
75740
76846
77295
72981
72398
74236
76493
77635
75521
72625
72415
74325
76545
77635
74154
71990
73701
74819
77090
74655
73040
72235
74190
76392
77445
73990
71886
72506
74640
76857
74175
72770
72396
74525
75630
77822
74435
72091
72829
74966
77210
77282
73050
72305
73260
75457
76569
76405
72425
72730
73805
75991
76865
74385
72310
73436
75660
76765
76129
72510
72365
74325
76580
77510
73781
72350
73961
75075
77290
75070
73297
72765
74920
77146
77885
73790
72544
73111
75255
77516
77741
73680
73476
74535
76750
78311
76060
73165
73690
75880
77015
77680
75151
72985
74665
76902
77993
74386
72512
72724
74825
77086
78080
74290
72781
74685
75800
78021
74515
73405
73182
75337
76463
78517
74700
73585
74595
76830
78010
78051
74136
73354
74620
76896
78055
76825
74595
73346
75408
77666
78605
74839
73406
74070
76293
78591
79010
74440
73365
74599
76886
78049
76776
73790
73345
75190
77460
78590
75370
73115
74716
75834
78140
75091
73649
73105
75200
76310
78380
74875
73762
74421
76665
77845
78036
75620
73645
74950
76045
78330
77077
74908
73625
75669
76800
78980
75216
73927
73372
75490
76581
77795
73098
72159
73505
75711
76830
74939
72325
73126
74194
76450
76530
74015
71985
73820
74896
77055
73746
71940
72285
74381
76645
77356
73200
72155
73081
75260
77251
73500
72521
72935
75095
76225
76861
72417
72146
73214
75385
76751
74525
71989
72920
75081
76189
75705
72014
71635
73465
75646
76630
73082
71170
72615
73690
75911
73910
70950
71040
73071
75287
76203
72230
70710
72455
73516
75760
74345
71341
71429
73530
75716
76590
72719
71516
73280
74355
76585
74385
72470
71945
74036
76280
77187
73440
71935
72397
74511
76735
76680
72586
72305
74435
75541
76975
73090
72445
73310
75490
77686
76805
73127
73784
74865
77128
77640
75106
73215
74492
76715
77862
75824
73030
73376
75528
77806
78085
73800
72815
73660
75830
77885
73806
72644
73360
75551
76700
75500
72960
73585
74661
76935
78085
75355
73040
73540
75729
78011
77625
73730
73595
75759
76875
78506
76030
73015
74362
76590
77700
75331
72791
72845
74951
77215
78075
73815
72386
73339
75491
77476
73645
72875
73500
75685
76835
77155
73062
73280
74351
76585
77490
75121
73235
74489
75625
77940
76430
73370
73540
75715
76850
78136
73235
72427
73700
75915
77030
75935
72328
73336
74415
76690
75886
73765
72545
74448
75561
77845
74712
73219
73515
75702
76873
77180
73884
73326
75000
76135
78420
75005
73415
73740
75931
77049
77890
73934
73210
74290
76526
78340
76390
73194
74376
75478
77746
76715
74660
73645
75577
76700
78806
77315
73705
74510
76721
77884
77254
74041
73709
75485
77770
78815
74930
73316
74181
76450
78651
77430
73920
74051
75150
77435
77555
75106
73099
74812
77079
77920
74085
72726
73519
75696
77721
73660
72487
73511
75750
76860
75941
72989
72590
74400
76620
77647
74060
72494
73375
75571
77560
76006
72996
73345
75509
76636
76800
74250
72223
74091
76330
76171
73905
72115
73810
74891
77162
74248
72175
72835
75040
77260
77080
73200
72866
75010
76120
77456
73500
72765
74070
76305
77430
75354
73145
74295
75411
77680
75451
73716
73501
75722
76868
77425
74845
73014
74432
76665
77795
74581
72115
72675
74841
77080
77150
73414
72670
74775
75930
77669
73445
72481
73670
75915
77636
75650
72672
73170
74261
76525
77595
74321
72480
74356
75491
77641
74215
73200
73475
75676
76790
77225
73158
73211
74300
76535
77001
74576
72320
73631
74715
76975
74851
73015
72475
74657
75799
77325
73385
72490
73085
75284
77331
75960
72315
72786
73860
76130
76780
74391
72175
73391
75589
76705
76435
72495
72654
73740
75985
77086
74361
72296
73655
75851
76995
75548
72516
72735
74880
77116
77825
73765
72656
74565
75690
77752
74055
72721
73361
75506
77540
76155
72970
73400
74485
76730
77435
74840
72515
74150
75245
77449
74426
72710
73010
75132
77405
77545
73710
73306
75489
76661
77716
73729
73236
74229
76484
77811
75410
72795
74246
75355
77560
75310
73840
73150
75245
77560
78250
74366
73450
74765
77030
78609
76205
73550
74385
75460
77720
76350
74260
73400
75506
76630
78314
74276
73451
74220
76496
78301
76169
73231
74470
75560
77871
76025
74235
73461
75550
76660
78362
76099
73156
74684
76900
78056
75371
72880
73706
74759
77026
78015
74285
72690
74630
75735
77871
74270
72385
72780
74860
77050
74681
72955
72465
74588
75701
77749
73841
72690
73050
75235
76321
77290
73290
73099
74160
76364
77471
74470
72800
74210
75325
77585
75610
74115
73770
75921
77045
79080
77350
74325
75060
77271
78416
77981
74221
73975
76045
78344
79076
74836
74070
75011
77215
79351
77775
74070
74695
76906
78920
77295
73935
74425
75545
77801
76976
74574
73320
75370
76530
78566
74095
72520
73331
75502
77657
76803
73396
74136
76381
77570
77275
74081
73700
75375
77615
78745
76035
74978
75225
77480
78662
78342
74682
74333
76051
78345
79476
76951
75677
76548
78829
80017
82406
82708
82673
83060
85435
86756
89409
90125
89171
89100
90350
93081
94510
95905
94395
93567
93543
94630
97560
99070
100440
99781
96974
97462
98914
100416
103372
102069
99387
97744
97555
98985
100485
102005
98670
96475
95611
96350
99344
100880
100811
98395
95633
95942
97319
98781
101516
100030
97430
95791
96810
98260
99750
101096
97813
96220
95501
96020
98935
100426
100551
98009
95011
95639
97120
98642
101140
98775
96510
95171
95815
97270
98776
100285
98145
95796
94910
97122
98579
100070
100621
96636
95290
94886
95910
98842
100343
100940
98396
96085
94835
96156
97595
99045
99751
97605
96100
95275
96905
98385
99890
101261
96805
94867
94404
95585
98515
100015
100726
98177
94654
94230
95315
96810
99836
99896
97084
94620
94369
95795
97250
98741
99790
95815
94381
93996
96350
97831
99330
100000
95182
94084
94610
96060
99080
100405
99120
96860
94665
95345
96805
99806
100854
98520
96021
94967
96368
97856
99350
99816
97180
95505
95218
96673
98160
99676
100709
95895
94510
94650
95996
98940
100401
99585
96850
94701
95405
96850
99880
100912
98701
96058
94615
95975
97485
100426
99330
96851
95299
95160
96595
98110
99631
97940
95355
93942
95445
96880
98356
99780
96409
94801
93997
96020
97480
98950
99895
97670
93485
93551
94904
97860
99320
99117
96668
93755
93890
95200
98081
99529
98880
95862
93170
94055
95491
98444
99795
98436
95750
93155
93741
95140
96606
99351
97610
94700
92990
94175
95590
97030
98486
95755
93625
92516
94055
95485
96985
98426
94721
92934
92531
95005
96461
97944
98546
94350
93125
92781
93900
96775
98211
98346
95839
92820
93570
96490
97971
99260
97857
94021
93245
93956
95400
98351
99529
97750
93236
93114
94410
97335
98832
99153
96761
94757
93695
95030
96466
97946
99140
96086
93930
93721
95150
96645
98135
99360
95536
93899
93086
93700
96490
97955
99116
97266
92977
92828
94066
95535
98486
98925
96510
94660
93286
94470
95890
97347
98845
95975
93775
93710
95120
96565
98016
98076
95424
93791
93050
95102
96534
97990
99232
94931
93295
93130
95826
97260
98725
98821
96355
92955
92925
94146
97025
98475
98376
95620
92880
93880
95301
98199
99270
97166
94760
92685
93631
96501
97944
99076
96980
92600
92501
93787
95213
98161
99025
96845
93036
92230
92755
94121
97035
98415
97000
93780
91395
92360
93785
96630
97795
96022
93624
91800
92535
93931
96830
98100
96470
91620
91250
92375
93808
96760
97585
95381
92195
91855
92802
95631
97114
98020
95686
91650
91726
92995
95831
97264
97141
94625
91562
91754
93085
95950
97356
96645
91670
91121
92150
94965
96405
97426
92680
91336
90935
91920
94692
96154
96836
92135
90872
91204
93946
95369
96761
96240
91976
90865
91105
93851
95280
96660
95770
91115
90560
92940
94390
95826
96765
92115
90876
90535
93020
94421
95870
96672
91730
90455
90770
93511
94935
96360
93276
91377
90323
92061
93457
94883
95541
92790
90875
91272
92619
93990
96320
94121
91791
90260
91250
94030
95445
96255
91145
89860
90290
93060
94455
95630
91480
90034
90435
91811
93221
95670
93242
90239
87970
89166
91901
93084
91071
85040
83730
85104
86341
88735
86851
81505
80685
82775
84001
84975
82165
79363
79493
81818
83065
82980
78016
77406
79293
80450
82545
78490
77132
77330
79635
80825
80795
78216
75895
77786
78925
80980
77225
76076
76135
78406
79555
79725
77331
75111
76980
78150
80396
79875
75940
75436
76475
78730
80611
78550
74850
75509
76660
79005
78979
76767
74962
76379
77481
79820
80461
76320
74800
76891
78050
79952
77948
74986
75320
76435
78750
80085
77556
74456
75530
76650
78941
78050
74996
74525
76140
78429
79576
76571
74759
73966
76150
78435
79311
75725
74031
74499
76695
77825
79315
75115
74020
75078
76221
78480
79225
75481
73860
75430
76552
78876
78899
74793
74255
75325
77637
78985
76795
73825
74350
75450
77690
78475
75890
73370
74966
77234
78385
76695
74024
73835
75812
78120
79135
75371
73660
74530
76821
79050
78492
74641
73790
75875
77026
79200
75666
74191
74400
76680
77830
79445
75269
74279
74715
75810
78095
78030
75460
73830
75794
76930
79216
76940
74880
73685
75751
78025
79160
76291
73440
73755
75911
78170
78772
74608
73591
74095
76335
77471
78420
73870
72986
74435
76680
77827
77335
73680
73171
74925
77200
78365
76895
73538
73495
75600
77870
77616
75385
73655
75346
76470
78745
76101
74020
73450
75606
76740
78215
73640
72920
73925
76130
77271
77286
73421
73035
74945
77185
78271
75230
73212
74691
75805
78095
78685
74180
73336
75509
76650
78755
74705
73485
73462
75606
77865
78340
73915
72985
74045
76270
78340
76915
73439
73534
75685
76820
78450
73945
72840
74001
76205
77355
76534
72990
73625
74696
76930
78240
75726
72796
74375
76606
77736
76562
73386
73275
75270
77521
78655
75375
72966
74620
75745
78035
76085
74200
73550
75660
77941
78944
74841
72945
73780
76026
78239
77605
73575
73640
74704
76920
78685
76260
73042
74092
76350
77490
75895
72985
73690
74791
77085
77435
74982
72915
74831
75940
78190
75361
73675
73255
75371
77645
78400
73785
72456
74540
75655
77705
73960
72461
73130
75275
77540
77344
72934
72650
73726
75940
77385
74890
72455
73638
75831
76980
76465
72431
72805
73885
76080
76545
74005
72080
73500
75700
77641
75915
72105
72880
75020
76140
76381
72644
72563
73581
75760
77640
75695
72200
72945
75109
76230
76072
72752
72239
73880
76100
77844
75705
72636
73705
74805
77060
75195
72225
72155
74141
76375
77495
74446
72020
73705
74771
77012
75244
72565
72480
74505
76751
77692
74923
72450
74000
75076
77331
76000
72916
72699
74636
76870
77985
74405
72225
74061
75146
77405
75580
73506
72595
74610
76815
77911
74435
72075
73669
75831
77360
75155
72443
73360
75535
76667
76875
72745
72380
74201
76425
77186
74516
72395
73670
75850
76960
75750
72580
72585
74585
76810
77820
74175
72540
73090
75280
77536
77925
73195
72513
73551
75710
77595
75846
72750
73415
75615
76745
77475
73371
73464
74592
76887
77950
75195
72782
73979
76221
77365
77280
74575
72764
74665
75780
77991
77160
73440
73425
75617
76769
78175
73555
72575
73940
76160
77930
75901
72925
73675
75881
77005
77190
74550
72551
74314
76541
77665
75106
73038
74325
75405
77645
75881
72765
72955
75075
76185
78050
74326
73264
74052
76246
78450
77525
73433
73680
75860
76976
77915
73825
73230
74555
76795
78656
76600
73325
74572
76800
77945
77345
74991
73575
75295
76416
78710
76121
74270
73940
76172
78437
78794
74505
73795
74879
77102
78268
77600
73940
74601
75720
78005
77782
75245
73570
75212
76324
78580
78546
74219
74333
76542
77669
78620
74595
73916
75165
77395
78541
77215
73581
73609
75754
78065
78951
75075
73817
74458
76675
78990
78886
74440
74336
76518
77663
78485
74636
74050
75339
77607
78754
76685
73870
75015
76150
78481
76780
74790
73790
74736
77005
79120
77571
74007
74845
77095
78260
78270
75941
74120
75740
76875
79180
76830
74999
74405
76620
78972
79384
75316
74470
75385
77655
79660
77705
74280
75250
76360
78615
77956
75670
74266
76090
77216
79465
78395
74306
74690
76901
78055
78280
76040
74346
75866
78161
79320
76874
75210
74947
77185
78345
79775
75425
74565
75822
78160
79350
78357
74885
74935
77065
79425
80210
75985
74685
75560
77809
80125
79180
75055
75510
76640
78955
79181
76520
74580
76186
77335
79640
77106
75215
74850
77086
78230
79001
74981
74545
75610
77854
79300
76755
73761
75206
76304
78570
75795
74185
73690
75850
77002
78795
74515
73385
74510
76731
78767
77283
73870
74200
75265
77536
78210
75630
73366
75020
76145
78410
76579
73711
73654
75650
77910
78921
75065
73321
75262
76359
78545
75151
72920
73310
75471
77739
78260
74141
73220
75307
76433
78290
74930
74106
74715
76925
78060
78290
74455
75014
76097
78355
78956
76592
74620
76315
77471
79801
77219
75240
74550
76765
77896
79640
77655
74646
75580
77815
78951
78170
74356
74985
76100
78360
79436
75980
74005
75616
76750
78985
76266
74655
74325
76534
77692
78945
75014
74236
75464
77661
79175
77045
74271
75581
76689
78955
76750
75155
74885
77110
78270
79558
75300
74295
75544
77825
78975
76848
74470
75510
76615
78875
77475
75435
74441
76609
77740
79540
77540
74585
75221
77510
78645
77800
75365
73915
75921
78220
79000
75225
73807
75710
76834
79090
76178
74536
74170
76385
77536
79215
75215
74035
74781
77034
79256
78170
74163
74366
76584
77707
78776
74790
73750
74335
76540
78711
77644
73520
73570
74655
76865
78414
76440
73544
74101
76320
77440
78055
73832
73159
74840
77095
78261
76480
73692
74340
75441
77720
77350
75045
73245
75230
77516
78633
75753
74363
73924
76025
78290
78537
74455
73790
74861
77104
78935
76910
73840
74545
75640
77940
78025
75400
73645
75595
77891
78890
75175
73635
74315
76520
78810
78865
74790
74585
75690
77979
78576
76070
73982
75085
77320
78461
77955
74177
74043
76135
78395
79361
75765
74345
74990
77175
79503
79216
74810
74445
76678
77828
78861
76414
74340
75785
78070
79216
76883
74085
74521
76750
79030
76645
74380
75740
76870
79219
79380
75020
74391
76580
77716
79015
75231
74575
75713
78001
80172
78478
74731
75520
76635
78975
79846
76075
74720
76700
77845
80032
76820
76335
78020
80360
81555
83878
83936
83480
84105
86670
87985
90532
89897
88516
88870
90216
92943
94315
94236
91681
91414
92376
95180
96620
97635
95791
92715
93180
95990
97450
98805
97831
94210
93765
96041
97500
98975
96566
94010
92920
93476
96320
97760
97451
90805
89030
88915
91590
92995
93910
87686
85775
86751
88059
90585
88689
84251
83635
85692
86974
88060
84667
80655
82305
83535
85216
82175
78755
79580
80755
83170
83196
78035
77345
78460
80865
80840
78070
76225
78074
79242
81507
77762
76298
76785
79120
80325
78549
76400
75785
77997
80400
80230
75750
75711
76841
79190
80195
76240
75190
76045
78344
80416
78614
74918
75855
76950
79240
77370
75305
74305
76405
77550
79210
74491
73375
74796
77057
78139
75780
73471
74625
76899
78025
75750
73250
73835
76060
78320
78115
74355
73840
74860
77140
78595
76130
73335
74750
76985
78141
77145
74001
74450
75550
77866
78945
75525
73305
75105
76235
78510
76085
74310
73620
75665
77905
78870
75121
73666
75581
76715
78882
75700
74546
74976
77230
78396
78465
74060
73701
75659
77925
78980
75634
73660
75085
76194
78453
75691
74345
74420
76636
77805
79355
75071
74110
74765
76986
78965
77205
73675
74405
76597
77724
77070
73525
73070
74785
77031
78124
74515
72445
73200
75405
77480
73590
72456
72795
74958
77050
75930
72309
72860
73935
76180
75254
72345
72250
74170
76395
77220
73215
71872
73875
74975
76598
72825
72084
73055
75269
76866
73207
72203
73265
75450
76614
74435
71895
72955
75152
76269
74875
71729
71731
73784
75925
76551
73150
71970
73705
75901
76924
73774
72480
74431
75548
77505
73965
72930
73730
75947
78061
77070
73145
73394
74495
76760
76791
73280
72810
74425
76705
77800
74595
72625
74348
76587
77504
74066
72756
73435
75624
77856
75512
73933
73600
75780
76907
77941
73925
73255
74485
76709
77982
75678
73061
74653
76893
78016
75960
73955
74326
76501
78760
77671
73240
73590
75789
76941
77135
73774
73225
74730
76995
77510
74910
72926
74805
75902
78086
74830
73050
73660
75879
78070
77325
73180
73550
74625
76850
76360
72511
72240
74130
76415
77461
73930
72166
74135
75255
76910
72865
71840
72735
74922
76619
72550
71591
72750
74895
75980
74310
71745
72866
73975
76200
74896
71645
72791
73835
76039
74375
72561
71785
73760
74887
76690
72205
71406
72450
74622
76216
72130
71245
72005
74095
76120
74805
70930
71558
73671
74780
74545
70584
70401
72472
73533
75115
71050
70411
71450
73645
75390
71590
70365
71134
73256
75360
72225
70681
70675
72757
74901
75287
71455
70814
72865
73950
75940
72120
70445
72376
73440
75600
72526
70430
71855
72920
75099
73330
71432
70634
72670
74837
73660
71640
70531
72485
73585
75735
72440
70495
72235
74380
75479
73395
71081
72125
73186
75396
74390
71310
71325
73370
75590
76725
78200
78127
78703
81030
82245
84750
85936
85585
85765
88005
89310
92030
92836
91545
89355
89295
91781
93174
94511
91514
89876
89439
91785
93125
94455
91970
90570
89895
91855
93235
94642
92955
90655
90461
91835
93225
94630
93476
91685
90880
92141
93540
94965
95175
92496
90724
91836
93205
96010
96051
93800
91405
91625
94325
95770
96810
92499
91380
91580
92871
95685
96925
95950
92696
91884
92416
95190
96625
97675
93435
92260
92550
95330
96800
97805
93680
92280
91735
93866
95305
96765
94831
92751
92049
94361
95835
97290
95879
93615
92320
93586
95011
96464
97166
94570
92981
93780
95186
96640
97841
95391
93604
92965
94327
95804
98523
97021
94185
92366
93635
95050
96490
97581
95200
93620
92933
94246
97195
98460
96876
94381
92905
94181
97065
98490
97966
95705
93740
94356
95780
98751
99844
97801
95330
94250
95565
97016
99887
99175
96599
93291
93685
95100
97981
99205
97570
95255
94093
95338
98241
99695
99385
96745
93805
94105
95460
98380
99551
97981
93939
94180
95555
98561
99890
98540
96285
94054
94525
97399
98905
99836
97334
93575
93720
95050
97957
99329
98655
96407
93835
94175
97036
98505
99570
97555
93525
93645
94975
97866
99269
98260
94170
93510
94181
97045
98470
99270
94607
93408
95255
96671
98120
97757
95254
93770
93958
95351
96790
98951
96445
94260
93819
95196
96640
98906
96935
94770
93176
94270
97149
98595
95626
93789
93365
95826
97264
98735
99236
94350
93060
92946
95585
97016
98506
95850
93881
94168
95598
97075
99206
96980
94862
93543
94405
95855
97350
99150
96385
94115
93575
94970
96390
97820
97510
94960
93476
93790
95220
96670
98156
96760
94445
93357
95290
96735
98201
97970
95151
93519
93260
94640
96081
98757
97033
94600
93145
94400
95807
98690
98160
95762
93096
93415
94764
96216
99080
97981
95390
93330
94412
95824
98745
98881
96475
94585
93208
94416
95835
97270
98269
95501
93580
93855
95281
96746
98229
96591
94485
93195
93964
95380
98331
98580
95540
93287
93016
94378
97246
98497
97053
94486
92314
93030
95848
97296
98310
96440
92815
93006
95780
97236
98595
97725
93601
92725
94486
95934
97416
98650
94506
92945
92765
95410
96870
98296
96396
94385
93141
94050
95446
96905
98456
95759
93676
93665
95062
96499
99046
97249
94981
93020
93950
95386
98330
99120
96766
93389
93905
95281
98196
99534
98196
95410
92950
93607
96471
97959
99075
97236
93585
93685
95016
98005
99460
98961
94290
93121
93285
96100
97565
99001
95460
93540
93056
95535
97015
98501
96725
94580
93321
94344
95805
97281
98872
96220
94083
94110
95535
96995
99450
97585
95070
92941
93865
95281
98200
98950
96585
93085
93630
95010
97901
99175
97635
93341
92695
95082
96539
98045
96480
93935
92615
94526
95940
97375
98420
94026
92580
92197
94610
96086
97585
95181
92765
91670
93765
95186
96651
96121
93425
91275
92171
93575
96431
97400
94970
90985
91239
92570
95390
96217
93209
88220
87105
88870
90240
92079
88800
83701
83549
85939
87215
87980
82356
80220
80990
83455
84701
82290
79655
78441
80804
82020
81370
77395
76770
78520
79695
81784
77335
75905
76840
79129
80295
77865
75161
76359
77495
79774
76875
75106
74802
77050
78200
77540
73885
73335
75066
77350
78305
74462
72990
74950
76055
77565
73750
72817
73669
75880
78126
77870
73535
73647
75850
76975
77841
74130
73521
74544
76830
78216
75859
73105
74545
76840
77986
75525
73000
74025
75125
77361
78425
74850
72530
74310
76535
77660
75241
72655
73786
74875
77145
76700
72617
72194
74036
76227
77323
75245
72606
73530
74620
76831
76170
72276
71990
73925
76155
77000
74556
72234
73371
75550
76680
76129
71979
72345
73416
75580
76806
74299
71545
72370
74483
76645
76250
71646
71295
73385
74461
76535
72770
71106
72595
73665
75864
74562
70950
71601
72661
74835
75601
73175
70965
71976
74100
76198
75205
70964
70800
72906
75105
75920
71766
70029
71610
73696
74781
74010
70375
70865
72945
74045
75680
71589
70571
71380
73455
75650
73385
70630
70855
72917
75115
74770
72286
70775
72406
74590
75700
74421
71197
72303
74453
75561
75775
72120
71664
73245
75434
76541
74905
71588
72646
74860
75980
75801
72125
71725
73372
75575
76951
74280
71210
72645
74843
75949
74809
71498
72275
74406
75489
76521
71955
71558
72601
74769
76700
72745
71162
71788
73905
76125
74900
72555
70675
72466
74605
75715
73940
71175
71700
73786
74881
76125
71776
70879
72087
74215
76215
74915
71730
72111
74245
76482
76389
71945
71296
73376
74440
76391
72251
71115
71699
73850
76080
73465
71671
71425
73582
75756
76210
72264
71612
73585
75811
76834
73282
71417
73161
75329
76467
73871
71389
72450
73520
75719
75575
73015
71165
72980
75190
76230
73150
71250
72910
73992
76185
74269
71485
71735
73811
75985
74985
73031
71755
73580
74666
76885
73915
71591
73180
74275
76421
73270
71165
71580
73725
75948
74811
72690
71545
73546
75791
76764
73625
72065
73665
74756
76917
74850
72061
72440
74610
76835
74065
71996
72234
74325
76556
77219
72815
71780
73852
74959
76827
72825
71590
73370
74455
76655
73550
71325
72882
73963
76165
74348
72725
71731
73656
75906
76884
73235
71535
73361
75525
76605
73752
71891
73287
74348
76560
74907
72031
72245
74355
76572
77234
73435
72295
74230
76480
77500
73636
71710
73545
74647
76790
74025
72260
73610
74700
76955
75160
72356
72675
74860
77100
77201
73219
72855
73879
76095
77820
73656
72675
73920
76094
77230
74892
72555
73761
74859
77110
75125
72980
72090
74175
76380
76820
72975
72015
74051
75140
77365
74085
71806
72424
74540
76704
74120
72545
72230
74365
75495
77068
72865
72185
73216
75385
76977
73091
71986
72825
74980
77145
76360
72441
72826
75006
76134
76737
72885
72531
73540
75695
77576
75610
72320
73315
75485
77431
73535
72470
72865
75050
76176
76865
72700
72800
73880
76095
75985
72185
71666
72995
75225
76961
74950
71572
72566
74765
76660
75055
71935
72300
74416
75530
76240
72008
72080
74190
75295
76066
72260
72041
73041
75170
77075
73015
71915
72756
74921
76054
75910
72635
72175
73870
76080
77344
74789
71981
73381
75560
76996
74829
72210
73083
75240
76369
76421
72365
72796
73885
76085
76455
72816
72435
74145
76371
77500
74760
72095
73630
74710
76926
74775
71986
71929
73905
76105
77046
73220
71579
73481
75695
76755
73755
71921
73380
74461
76660
74893
71896
72000
74116
76371
76966
72845
71915
73900
75020
77151
73986
72340
73145
75271
77504
74845
72996
71870
73895
76125
77192
74238
72075
73710
74775
77001
75140
72326
72206
74170
76398
76866
74180
71899
73501
75677
76780
74741
71935
72815
74986
76065
74756
71666
72580
73660
75856
74301
72294
71061
72910
75071
76169
73345
71000
72435
73481
75700
73801
71200
72135
73210
75370
75265
72895
71090
72802
74976
76085
73605
71280
72405
74580
75680
74965
71568
72261
74390
75475
75980
72320
72390
73435
75626
76815
72625
71821
73230
75390
77045
75010
72310
73010
75175
76272
75981
72685
73211
74305
76575
75415
73656
72670
74580
76804
77785
74385
72850
73680
75905
77842
76025
72885
73575
75780
77886
76469
72659
73150
74250
76495
75890
72780
72370
74080
76339
77386
73975
72072
73854
76088
77085
73816
72170
73837
76075
77210
74381
72412
72948
75145
77370
76965
73311
73136
74155
76373
77551
73365
72580
74075
76286
76610
74351
72580
74270
76469
77585
75230
73011
74622
75728
77895
77040
73655
73949
76165
77300
77485
73519
72835
74525
76770
76811
74669
73200
74855
75965
78200
75304
73415
74095
76325
78441
77315
73835
74001
75100
77330
77731
75386
73770
75705
78005
78985
75795
74259
74985
77195
79265
77751
74370
75074
77365
78520
76811
74078
74041
76149
78441
78899
74891
73985
74970
77190
78410
74551
73859
75145
77370
78720
76485
73935
75361
76460
78707
78613
74671
74375
75461
77700
78420
75740
73226
74875
77132
78214
74816
72860
74515
76750
77845
74820
72710
74419
75510
77670
74471
73030
72975
75170
77405
77145
73005
73051
74127
76339
77097
74704
72640
74151
76386
77491
74931
72565
74198
76411
77181
74879
72921
74229
75335
77595
75415
73590
73200
75365
77600
77186
73430
72900
73895
76175
77735
73881
73010
74300
76521
77685
75275
72855
73665
75871
77024
75816
72690
73636
75895
77007
76331
72875
73360
74455
76681
77006
74529
72464
74215
76405
77481
74680
72661
74140
76347
77474
75295
72895
73395
75590
77855
77930
73750
73405
75539
76690
78030
73541
72785
73790
75994
77525
73720
72986
74107
76335
77460
76286
72950
72980
75055
77346
78044
74496
73275
75075
76200
78415
74935
73190
73976
76200
78367
74587
73278
73306
75495
76586
77656
73615
73010
74680
76931
77736
75144
73135
74655
76925
78075
76307
73111
74325
75420
77665
76161
73270
73090
75074
77286
78329
74751
73201
74004
76211
78340
77290
73539
73570
75735
76866
77949
73435
73286
74385
76597
78001
75740
72955
73794
76007
78175
77051
73469
73980
75091
77354
77325
74900
73270
74895
77146
78280
75550
73517
75290
76415
78621
75770
74500
74316
76515
78798
79016
74785
74261
76445
77601
78940
74881
74135
75230
77456
79325
77216
74094
75240
76370
78705
76550
74760
74016
76060
78371
79240
75210
74174
75190
77450
79180
77065
74180
74809
77057
79231
77994
74049
74685
75775
78076
77465
74980
73540
75270
77571
78710
75784
73280
74932
76035
78350
75956
72955
72855
74880
77101
77989
74145
73220
75295
77596
78450
74811
73731
75516
77771
78915
75935
73957
74563
76745
78991
78664
74580
74065
75085
77330
78905
74916
74085
75565
77845
79155
76845
74100
75030
77251
78430
77215
74038
74195
76360
78660
79480
75272
73595
74280
76440
78655
75526
73990
74096
76293
78480
77772
73590
73195
74226
76435
78054
75580
72658
74001
76190
77262
74594
72215
73541
75696
76810
74420
71750
73270
74355
76461
73245
71354
72816
73881
76112
73921
72115
71934
74096
76266
75729
71991
71985
74092
75199
76575
72474
72214
73260
75456
76360
72310
71690
73051
75230
76875
74470
71590
72955
75181
76580
74375
72151
73305
75501
76604
75625
72526
73804
74910
77113
74226
72720
72420
74551
76785
77400
73225
72731
74885
75990
77665
73610
72551
74595
75710
77770
74220
72920
73655
75855
77955
76835
73271
73444
75624
76775
77374
73066
73144
74220
76467
76830
74350
72705
74484
76705
77378
74826
72735
74630
75726
77833
74243
72490
73262
75435
77651
77115
73075
73584
74675
76864
77077
73205
72585
74125
76381
77461
74859
72475
74130
76356
77500
75170
72740
74090
75185
77425
75330
72816
73328
75512
77730
77120
73295
73560
74631
76870
77327
74664
72665
74505
76786
77140
74870
72801
74325
76600
77717
74843
72679
73315
75500
77615
76370
72686
73075
75230
77395
76676
72755
73210
74300
76530
76290
73036
72789
74690
76910
77950
74520
72712
74641
75765
77959
74385
72010
72479
74665
76876
74400
72665
72235
74376
76580
77170
73315
72261
74221
76422
77318
73481
72160
74139
75235
77196
73460
72255
73120
75232
77310
76150
72135
72791
74917
76726
75031
71954
72525
74724
76855
76335
72165
72285
74450
75525
76350
72675
72186
73160
75317
77087
75134
72030
73004
75206
76910
73227
72234
72789
74967
76079
76220
72405
72730
74875
75962
76275
72445
72176
73245
75461
76850
72745
71905
73339
75515
76544
74320
72313
73797
76026
77155
75125
72580
73915
74995
77246
74415
72351
72804
74936
77165
77485
73285
72655
74815
75901
77365
73353
72757
74870
75985
77856
73796
72766
73800
76040
77160
75431
72905
73939
75061
77330
76305
74091
72925
74995
77311
77800
73930
73206
75255
76386
78251
74092
73135
74156
76345
78055
73936
73250
74230
76456
77565
77579
74167
74054
76040
78295
76725
75005
74455
76540
78810
79596
75862
75247
77436
78570
80000
75981
75565
77216
79530
80691
82920
82840
82880
83960
86475
87772
90030
89016
88885
89675
92375
93760
95200
94645
93651
93615
96115
97571
99035
99755
98341
97525
98584
100100
101620
103185
101581
99561
98769
101015
102565
104150
105595
104691
101465
100958
101903
105051
106670
107410
105090
102920
102815
104392
105988
107596
108785
106835
102821
102400
103685
105306
106937
106655
103636
101665
102751
104315
105936
107319
105605
101415
100730
101466
104620
106225
106346
103440
100990
100425
101956
103529
105110
106062
101618
99990
99366
100305
103356
104910
105125
102335
100150
100050
101590
103096
104655
105635
100721
99315
99007
100053
103075
104675
104940
102236
100060
100041
101575
103110
104660
105621
101296
99905
99530
100660
103720
105305
105236
102050
99000
99950
101470
103005
104910
101925
99460
98106
99633
101177
102744
102715
99682
97819
97556
100282
101799
103335
103070
98316
97310
97890
99342
102420
103490
101431
99060
98185
99620
101121
102655
103226
100745
98880
98681
100170
101752
103348
104361
99760
98375
98596
100025
103165
104576
103185
100770
98496
99315
100826
102370
104425
101850
99220
98250
99735
101280
102851
103400
100430
98573
97608
99510
101051
102580
103865
99038
97363
97375
98790
101875
103400
102965
100092
97015
97490
98936
102000
103165
101151
98532
96869
98245
99770
102819
102521
99926
97868
97241
98685
100200
102885
100985
98285
96650
98010
99515
101031
101940
99215
97451
97134
98600
100155
101667
100831
98190
96607
96453
99181
100700
102230
102470
97695
96260
96110
98760
100255
101740
99040
96985
96050
98335
99875
101415
102572
98388
96880
96207
98620
100105
101621
102250
97000
95827
96314
99220
100736
101895
100112
96092
95664
96682
99631
101125
101530
98880
95496
96051
97523
100520
101730
99875
95507
94788
95425
98360
99851
101189
99766
94940
94735
96006
98925
100390
101087
96345
94980
94805
97415
98910
100431
101015
95936
94520
94650
96015
98940
100401
100140
97486
94261
94275
95535
98487
99946
100065
94750
93495
93695
96526
97975
99400
96146
94610
93752
95511
96935
98390
99616
96715
94540
94256
95700
97160
99670
97892
95744
93705
94342
97156
98640
99940
98325
94091
93765
94937
97780
99231
99295
95215
94282
94614
95977
98920
100345
99820
94896
94125
96435
97895
99375
99990
94976
93490
94035
95456
96905
98380
96115
93955
93546
94949
96391
97850
98096
96005
94705
94966
96380
97811
99957
97669
95430
94880
96256
97705
100575
99626
97385
95206
96030
97485
98955
101415
99335
96720
95502
96914
98430
101356
100296
97759
95140
95835
97251
100196
101290
99240
96895
96060
97462
98914
101655
100050
97747
95690
96540
97975
99466
101500
98840
96332
95557
96963
98441
101240
99820
97395
95215
95975
97426
100445
101495
99145
94891
95159
96550
99495
100965
100635
97966
95065
95376
98220
99720
101161
100050
95015
94685
95856
98800
100312
100379
95571
94439
94631
97445
98916
100220
98705
94170
93952
95179
98082
99539
99671
95190
94086
94215
97015
98505
99926
96503
94241
93380
95595
97020
98481
96150
93545
91851
92725
94120
96964
97295
94101
90315
90965
92330
95201
95969
89565
87601
87941
89246
90589
92190
88575
83480
83320
85724
87012
88060
84927
81345
82095
83285
85770
86165
80448
78776
79645
81995
83191
80215
77410
77456
79675
82106
82624
77607
76030
77036
79392
80983
78366
75065
75715
77980
79140
77765
74155
75120
76217
78460
76665
74815
73676
75625
77908
78528
74495
73305
75365
76480
78056
74355
73593
74532
76776
78181
73949
73085
74326
76585
77671
75085
73000
74531
75655
77905
75850
73920
73465
75651
76785
77284
73532
73720
74822
77058
77296
73296
73491
74580
76860
75766
72936
72939
75025
77295
75936
73825
72580
74644
76871
74750
73080
72666
74800
75935
77480
73055
72262
74391
75516
77005
72945
72340
74351
75435
77219
72945
71970
72970
75197
76910
72900
71990
72629
74781
76698
75021
71448
72010
74156
76085
72526
71550
72274
74440
76435
75040
71395
71691
73810
74905
75191
71500
71571
72609
74791
75295
71274
70750
72454
74586
75760
71893
71651
72671
74799
76195
71650
71190
72250
74380
76380
72511
71375
71915
74069
76251
73001
71469
71685
73841
75926
75020
71385
71824
73955
75076
75390
71260
71625
72685
74844
75562
71646
71521
72519
74665
76230
71916
71331
72375
74546
75870
73851
71435
72625
74825
75915
73670
70961
72324
74475
75550
72820
71025
72521
73565
75725
73306
71140
71651
73810
75855
74970
71546
71965
74135
76291
75800
71896
72180
74325
76359
75254
71720
72110
74296
76435
75680
71365
71855
74045
75136
74555
71486
72055
73101
75260
75116
71375
71170
73120
75260
74665
72545
71005
72825
74989
74850
72435
70856
72740
74880
75710
72046
70715
72520
74670
75360
72840
70520
72132
74340
75010
71435
70917
72425
74605
75685
73496
70960
72308
74458
75730
73541
71434
72765
74968
76280
72205
71560
73640
74735
76165
72250
71551
73616
74725
76510
72661
71285
73276
74361
76155
72450
71451
73325
74420
76421
72423
71210
72166
74305
76388
73386
71480
71915
74065
76310
73785
72020
71870
74020
76245
76496
72375
71827
73875
74955
76520
72401
71745
73901
76090
75821
72279
72265
74445
76611
76160
71790
71971
74105
76225
73146
71765
71795
73961
75100
76325
72070
71786
73903
75007
76280
72470
72026
74090
76260
74375
72385
71703
73816
76025
74140
71545
71700
73776
75985
74284
72207
71720
73845
76065
76308
72445
72040
74094
76270
76705
72141
71380
73487
75716
76264
72400
71544
73565
75716
76245
72145
71280
73340
74420
76047
72055
71270
73275
74346
76015
71905
71110
72390
74585
76001
72374
71625
72811
74945
76560
72465
71566
72760
74926
76815
72976
71990
72640
74789
75885
75585
71985
72565
73640
75861
75151
71885
71715
73669
75890
75490
73051
71770
73690
75910
76876
73255
71664
73320
75485
76560
73510
71455
73150
75322
76373
73360
71714
73330
75587
76720
73945
71645
73335
74445
76656
73650
71845
72346
74455
76654
76711
72413
72200
74316
75455
76135
72546
72466
74566
75644
76506
72200
72214
73275
75445
75650
72060
71570
73200
75361
75470
73025
71361
73150
75351
76354
73045
71661
73496
74600
76700
73366
71840
72611
74803
76805
73166
72149
72741
74935
76915
75345
72015
72905
75055
76160
75036
72055
72824
73905
76105
75415
71961
71934
74000
76200
75395
73285
71855
73645
75890
75271
73155
72505
74626
76910
77425
73425
72340
74338
75450
77235
73015
72066
74154
75290
76386
72420
72080
74211
75340
76350
72245
72172
73208
75375
76009
72201
71569
72985
75140
76040
73556
71195
72725
74890
75911
73024
71270
72880
73961
76124
73800
71785
73380
74455
76625
73859
71631
72036
74171
76365
74080
72676
72725
74910
76015
76826
72973
72571
74674
75791
77026
72906
72727
74861
77056
76879
72861
72445
74507
75604
77181
73420
72980
75125
76270
77871
74070
73515
75590
76730
78551
74280
73460
74486
76740
78184
73811
73024
73995
76226
77711
75434
72900
74253
76475
77550
74972
73235
74771
75857
78060
75216
73934
74197
76403
78576
77514
73875
74235
76435
77550
77285
73492
73328
75341
77590
78130
73991
73180
75230
77450
77585
73590
73530
75749
76895
77575
73795
73921
74985
77225
77275
75056
73655
75636
76750
78615
74761
74010
75066
77341
78515
76755
74140
75472
76594
78769
75696
74740
75427
77716
78899
77251
74636
76110
77265
79567
76646
75245
75255
77519
78694
78315
75020
74907
76955
79290
79530
75436
75141
76218
78515
79030
76415
74510
76420
78735
79725
75820
74180
74945
77190
79110
75100
74196
75570
77836
78980
76727
74406
74795
77000
79326
79101
74755
74430
75507
77745
77955
75495
73825
75609
77875
77711
75404
74232
76253
78540
79076
75375
74505
76576
77715
79281
74985
74295
76466
77580
79405
75426
74140
74756
76995
78535
76065
73203
74555
75670
77915
75915
73255
74395
75501
77746
75591
73575
72815
74955
77190
77475
73705
73330
75446
76544
77405
73352
73355
74416
76650
77774
73875
73625
74730
77030
78250
73986
73160
74756
77016
77844
75305
73300
74935
76040
78276
75684
73361
73894
76110
78255
77280
73871
74295
76545
77731
77895
73870
74115
75235
77489
77855
75480
73605
75315
77560
78650
75111
73355
75345
76476
78660
75465
73825
74490
76715
78941
77891
74050
74866
76015
78305
77405
75230
74180
76279
77385
78970
74666
74165
76376
77515
78595
74606
74055
75642
77913
78698
76178
74125
76010
78325
79225
75276
74310
75265
77546
79369
75111
74168
75335
77590
78751
76555
73970
74351
76590
78863
78655
74555
74650
75781
78115
78700
76180
74524
76305
78575
79651
76185
74546
76465
77610
79459
75470
74585
75600
77825
79410
77050
74290
75675
76805
79105
76261
74990
75230
77465
78617
77876
74170
75146
77437
78568
75930
73826
74281
76424
78680
75843
74690
75405
77635
78760
76371
74285
74830
77021
79160
78010
74605
75661
77960
79120
77139
75121
75620
77870
80054
79046
75300
76120
77246
79575
77378
75476
75135
77363
78521
78430
73980
73486
75410
77690
75711
74050
73519
75720
77755
76285
72855
73670
75911
76485
74260
72355
74120
76305
77150
73670
72609
74722
75823
76979
72935
72901
73975
76180
76041
72100
72455
73486
75705
75413
72246
73050
74112
76335
74950
71815
72785
73851
76030
74385
71854
72125
74197
76389
73843
72341
72580
74704
76776
75975
73150
74151
76355
77475
75319
72252
73397
74483
76725
74895
72550
72830
74920
77121
76740
72429
72190
74335
75420
76467
72937
73010
74065
76280
76675
72655
72315
73350
75547
76906
72745
71856
73905
75015
76664
72694
71855
73995
75085
76830
73516
72840
73832
76021
77665
73416
72365
73305
75580
77626
74049
72870
73546
75760
77446
75350
72293
73635
75826
76935
75562
72946
74210
75325
77526
74835
72292
72708
74834
77035
75006
73285
73090
75231
77441
76854
72335
72345
73410
75590
76755
72930
72830
73887
76077
76575
71950
71724
72769
74940
75810
72221
72455
73490
75671
75500
71325
71595
72641
74800
75135
71385
71430
73525
74620
74995
70830
70770
72869
73940
74896
71130
71000
73075
74165
75150
70746
70145
72195
73261
74883
71375
70830
71845
73976
75615
71473
70651
71605
73745
75561
72002
71188
72217
74325
75845
71681
70620
72596
73640
75580
72565
71575
72410
74542
76301
72165
70995
71563
73669
75666
72525
71681
72480
74613
76464
74645
71340
72230
74370
75465
74684
71506
72310
74500
75610
74615
71225
71890
72935
75096
74151
71395
72360
74480
75552
73800
71030
72231
73300
75485
74128
71818
72075
74185
76406
74060
72130
71250
73380
75602
72750
71075
70880
72979
75155
75387
71411
70787
72845
75020
75740
71935
70841
72754
74947
74592
72233
70798
72681
74815
74880
71376
70940
72625
74806
75011
71060
71335
72370
74520
75215
71485
71200
72216
74375
74722
70890
70345
72125
74305
74185
70775
70870
71895
74015
73807
70455
71220
73395
74482
74336
71133
71645
73771
74880
74450
71185
71949
74073
76016
74580
71565
72311
74465
75580
74040
71185
72484
74675
75786
73771
71080
72310
74440
75541
74035
71165
72330
74510
75646
74405
71493
72620
73710
75907
73635
71135
72475
73542
75717
73211
71400
72015
74131
76201
72596
71230
72115
74285
76225
72575
71491
73337
75545
76341
72050
71095
73170
74266
76130
72559
71882
73900
74980
76576
72434
71918
72941
75140
76365
74157
72085
73430
75676
76770
73880
71856
73580
74670
76901
75071
72855
74271
75390
77593
74651
72181
72854
75016
77195
74136
72895
73235
75391
77506
76325
72517
73382
75575
76680
75386
72274
73203
74267
76529
74549
72006
72555
74695
76916
76515
72515
72646
74795
75905
75800
72065
72480
73540
75751
75054
71865
72655
74803
75900
74385
71605
73151
75375
76480
73871
72145
73970
76185
77020
73104
72250
74350
75480
76880
72920
72866
73899
76130
76900
72935
72635
74525
76716
77660
74445
73301
75220
76315
78255
74775
74165
75209
77425
79725
79161
79170
80715
81915
84370
85595
84646
83890
85130
87737
89039
89515
88036
87249
88300
90960
92310
91430
90106
89795
92000
93370
95770
94360
92086
92490
93780
96586
97955
94911
93525
93335
95972
97439
98895
97232
95549
94645
96150
97610
99101
100346
95887
94439
95855
97307
98804
100265
97865
96246
96034
97455
98921
101520
99576
97175
96270
97700
99186
100710
101021
98985
97516
97750
99226
100725
102431
99840
97696
97441
98910
100415
101960
100849
98965
97776
98546
100050
101585
103075
99429
97585
97090
99655
101155
102695
103151
99025
97947
98204
99625
102665
103916
102270
98111
98030
99411
102481
103890
102845
100430
97875
98690
100191
101720
102742
99658
97626
98145
99630
101141
103515
101292
98989
97570
98770
100276
101795
102691
100020
98120
98501
100000
101540
103125
101351
99080
97805
98995
100490
102045
102716
99905
98091
97591
100225
101751
103334
101680
99465
98216
99662
101183
102741
104100
99730
98027
97884
100716
102240
103780
103985
101486
98140
98380
99800
102846
104154
102721
100051
98371
99748
101251
104325
103815
101301
99595
99199
100706
102255
104826
102520
99800
98270
99600
101110
102630
103520
100715
98815
97886
99960
101470
103001
104025
99471
98270
98500
99915
102935
104365
103240
100810
98495
99380
100867
103989
104511
101491
98999
98020
99441
100960
104019
103135
100367
97835
98670
100220
103316
103520
100325
97840
97446
98920
100405
102356
100140
98130
96811
98175
99690
101205
100340
97465
95675
96940
98390
99877
101399
98430
96370
95911
97370
98830
100346
99640
97031
95540
96945
98445
99976
101715
99040
96951
96486
97904
99366
102000
99975
97581
96205
97515
99026
100555
102240
100006
98135
97770
99216
100730
102270
100770
98245
96690
98066
99565
102560
102326
99780
98142
98156
99630
101125
102630
101425
98800
97480
99135
100640
102175
103661
99500
97670
96876
99155
100670
102176
102695
97241
95860
96185
97590
100586
101995
100931
96569
95730
96395
99316
100805
101810
96361
94665
94445
97169
98645
100115
98171
95906
94664
95841
97305
98775
99375
96597
94679
95286
96740
98210
100242
98039
95910
94820
96136
99090
100332
98484
95750
94136
95365
96790
99795
100141
97556
94636
94940
96300
99250
100352
98479
94636
94975
96390
99309
100565
99015
94915
94241
95010
96435
99411
100465
98300
94126
94195
95515
98435
99906
99735
94991
93835
93965
96641
98115
99607
96482
94164
92845
94436
95840
98785
99160
96761
93272
93038
94221
97055
98495
98616
93865
92650
92911
95695
97150
98576
96321
94531
93469
94725
96145
97616
99260
96365
92804
92935
94235
97106
98567
98618
96035
92995
92845
93980
96860
98340
99100
94250
92885
92840
95505
96936
98390
99080
94475
93010
92315
94520
95925
97352
96806
94099
92335
92610
94005
96826
98130
97000
93106
92135
93935
95350
96805
97061
94504
92997
92634
95165
96586
98020
96948
94556
93060
93571
94955
97840
98955
96861
92605
92680
95415
96870
98335
98371
93375
92125
92305
95041
96449
97876
94155
91045
89453
90743
93470
92806
85620
83870
84778
86060
88570
86925
81069
80771
81960
84392
81191
79130
78345
80674
82986
81864
77222
77355
78500
80876
81411
77080
76030
78195
79355
80551
76016
75630
76749
79024
78333
75980
74530
76503
78756
79240
74975
73899
75995
77109
78006
74145
73810
75988
77143
77310
73531
73651
74739
76989
76410
73402
73313
75330
77595
76606
74400
73175
75221
77485
75826
73985
73395
75500
76630
78235
74030
73476
75625
76740
77591
73781
73402
74435
76650
77485
73352
72774
74515
76796
77635
73980
72756
74645
76905
77762
74055
72818
74849
75960
77583
73976
73095
74010
76226
77990
74031
73032
74157
76419
77535
76295
73265
74241
75325
77555
75741
72730
73080
75219
77425
77780
74048
72995
74926
77141
78110
74465
72715
74635
76876
77624
74090
72950
74922
76034
77985
73986
72555
73435
75645
77520
75791
72741
73390
75592
77556
76005
72676
73586
75799
76905
75056
72649
73896
74995
77214
75356
73584
73255
75420
77486
76295
72940
73219
75405
76525
76231
72439
72900
73970
76201
76030
73730
72046
73744
75956
75897
73563
71808
73670
75920
76981
73960
72150
73705
75924
76596
73999
72125
73955
76201
76350
74095
71950
73475
75646
76744
74450
71790
73234
75425
76550
74975
72345
73075
75256
76375
75500
72226
73020
74095
76330
76277
74103
72255
73845
76085
77160
74196
71925
73524
75704
76775
74186
72115
73685
75885
77275
74805
71941
73080
75305
76451
76050
72670
72836
75000
76130
76680
72560
72835
73895
76125
77286
73329
72504
73475
75646
77620
73860
72590
73200
75393
77615
77465
73475
73006
75140
76255
77725
73555
73405
74511
76715
77305
73355
73405
74482
76676
76815
73032
72633
74445
76675
77775
75024
73061
74475
75605
77825
74650
72620
74431
75544
77715
74256
73130
73375
75545
77671
76710
72588
73016
75140
76255
75776
72775
73566
74625
76845
75862
72421
72535
74611
76861
75367
73684
73103
75214
77465
77740
73670
73555
75726
76820
76175
72851
73409
75610
77741
76445
72550
73480
75680
76785
75341
72740
73815
76030
77135
75448
72579
72945
75100
77336
74615
73170
73228
75430
76575
76855
72995
73540
75771
76896
76109
73211
74185
76371
77475
75760
73030
74421
76628
77221
74945
73311
75055
77321
78340
74926
73346
74210
76426
77625
74020
73365
74850
77115
78231
75040
73002
74860
75985
77795
73970
72996
74994
76101
77541
73390
72650
74195
76385
76621
74345
72620
74305
75431
77535
73760
72649
73641
75825
77115
73495
72985
74470
76700
77763
74651
73025
75034
76180
78025
74320
73445
74697
76921
78423
76024
73217
74703
76940
78035
74965
73295
75026
76139
78210
74629
73339
74130
76325
77445
75775
72965
74227
75339
77595
75239
72870
73489
75633
77791
74685
73380
73520
75690
76835
76917
73035
73735
75967
77103
76468
73251
74155
76381
77510
75637
73174
74756
75859
78060
74966
73600
75502
76639
78610
76950
73562
74825
77030
78147
75820
73620
75196
76299
78510
75366
73710
74025
76262
77368
76971
73635
74227
75333
77561
77685
75205
73696
75730
78020
78695
74835
74040
76181
77304
78878
74700
74465
75565
77840
77995
75950
74150
76090
78381
79040
74640
73960
74991
77200
78395
74416
73675
75115
77374
78520
75655
73210
75145
76270
78276
74645
73330
74095
76320
78405
74516
73375
74316
76501
77619
76580
73351
74140
75227
77466
76065
73700
72909
75055
77271
77659
73530
72800
74856
77120
77615
73571
73270
75420
77616
77600
73671
73566
75725
77942
77779
73521
73870
76056
77171
76872
73431
73820
74906
77126
77355
74670
72626
74510
76750
77795
74605
72913
74659
76914
77975
74630
72890
74735
75846
77978
74738
73436
75325
76449
78426
74590
73395
74311
76545
78499
76821
73800
74660
76916
78050
76505
73615
75119
76235
78501
76240
74410
74801
76975
79296
79115
74945
75220
76331
78625
79550
75639
74280
76170
77285
79245
75115
74411
75455
77675
79051
74915
74170
75340
77575
78705
76459
73615
75255
76370
78570
75613
74255
74170
76355
78581
77990
73870
74401
76630
77740
76939
73400
74025
75091
77335
76859
74541
73491
75558
76671
77835
73860
73716
74786
77025
78014
73860
74222
75344
77600
77620
75025
73440
75260
76370
78335
74300
73144
74135
76379
77910
73605
72830
73690
75897
77700
75582
72350
73675
75870
77000
75200
72604
73755
75945
77050
75070
72625
74045
75135
77410
74960
72605
72885
74990
77125
76285
72811
73316
75460
76565
76236
72930
73405
74486
76680
75930
72701
72749
74859
77081
77609
73765
73115
75210
77416
78010
74106
73295
75416
76514
77795
73685
72825
74890
77085
77285
73331
72775
73835
75986
76415
72950
72285
73805
76010
76611
74061
71850
73615
75817
76893
74120
71809
73195
75384
76460
73930
71580
73120
74180
76331
73960
71800
72291
74451
76630
73680
71596
72265
74430
76570
73885
72690
72816
74970
77125
76411
72283
72585
74771
76918
76080
72481
72675
74855
75971
76131
72293
72736
73824
76045
75671
72410
73025
75215
76325
75439
72059
73030
75156
76276
75485
72150
72780
73855
76090
75740
73430
71970
73926
76155
77175
73776
71649
73165
75350
76660
74415
71766
73112
75250
77355
76645
73110
72990
75165
77377
76924
72685
72605
73666
75889
77465
73896
73325
74347
76511
78085
73745
72915
73945
76173
77950
74430
73375
74159
76380
77950
73940
73235
74690
76912
78000
75680
73480
74975
77166
78230
75149
73425
75310
76405
78366
74890
73840
74455
76671
78310
76200
73426
74770
76986
78105
75790
73826
74390
76550
78770
75449
74015
74331
76535
77677
77480
73925
74370
75445
77693
78503
74660
73630
75749
77981
78130
74240
73895
76060
77205
77605
73470
73725
75966
77085
77092
73666
73300
75120
77361
78272
74615
73350
75365
76490
78450
74991
73355
75236
76365
78286
74121
73055
74200
76421
77540
76005
72775
73680
74745
76945
75560
72555
73812
74919
77150
75461
72945
73185
75313
77496
74805
73445
73565
75738
78011
77830
74146
73990
75051
77295
78101
74395
74030
75880
78145
77450
75130
73906
75910
78205
78906
74865
73825
75970
78280
78675
74740
74240
76451
77600
78918
74620
74366
75453
77704
78064
75775
73845
75575
77860
78785
74640
73174
74077
76300
76865
72961
72445
74132
76385
77280
73715
72398
74495
76700
76765
73046
72750
74930
76035
76320
72558
73280
75490
76615
75530
72545
73291
75459
76580
75280
72330
73705
75915
77020
74663
72095
73499
75663
76770
74590
72175
73789
75980
77095
74636
72475
72937
75065
77240
77010
72886
72935
75100
76220
76015
72515
72846
73930
76110
75955
72290
72125
74097
76330
75040
72860
71816
73800
76016
76800
72870
71837
73924
76090
74563
71956
72095
74166
76395
73950
71490
71966
74100
76270
73575
71820
72380
74474
76500
72566
71285
72035
74225
76130
72344
71445
72356
74531
76257
74325
71545
72955
75159
75485
73060
71521
73254
75520
76271
72575
72120
74221
76415
76055
72240
72625
74790
76855
73410
72387
73422
75604
76666
72980
72635
74275
76484
77450
74023
72950
74977
76085
77076
72885
73057
74094
76310
76226
72755
72650
74668
76895
74815
72666
73115
75330
77540
74145
72425
74290
75390
77000
73266
72535
73925
76088
76430
73750
72006
73931
76122
76848
73080
72485
74574
76765
76730
72745
72985
75185
76281
75765
72735
73660
75870
77010
75016
72362
73805
74901
77045
74070
72726
73561
75746
77481
73640
73305
74350
76570
77155
73266
72962
74703
76926
76355
74277
73586
75720
77945
77585
73971
74505
76701
77850
76942
73440
74571
75684
77890
74840
73655
73859
76075
77973
76160
72995
74398
76606
77720
75060
73225
74885
76010
78047
74406
73195
74175
76390
77615
73927
73484
75175
77420
78266
74350
73815
74901
77145
77200
73135
73340
74395
76580
75370
73290
72626
74749
76979
74865
72510
72885
75006
77145
73836
72537
73210
75384
77120
75086
72495
73715
75880
76871
72984
72455
74159
76345
75605
73151
72060
74025
76221
73835
71255
72941
74028
76015
72356
71445
73419
75595
76010
72020
71600
73710
74821
74845
70935
71081
72130
74255
72815
70024
71400
73515
74486
71190
69875
71754
73880
72105
69421
70880
72994
72860
69590
70456
71470
73591
71782
69415
70935
73016
71925
69985
69120
71055
73120
71046
69238
70910
73012
71715
68980
70271
71320
73405
70804
68825
70585
72671
71670
68851
69920
72002
72985
69262
69510
70555
72639
71281
68810
69925
72030
72810
69075
69570
71658
73355
69910
69235
71275
72350
72978
69320
69775
71840
73175
69701
69335
71305
73331
70365
68975
69516
71575
73150
69505
69085
71115
73165
70305
68695
70476
71495
72524
68845
68855
70890
72765
69300
68325
70236
72300
70190
68226
69853
71956
72814
69665
68647
70596
72701
70905
68726
70270
72375
72496
70360
68972
70791
72840
70180
68551
70285
72370
71330
68726
69974
72029
72499
70431
69260
71030
73135
73070
71365
73111
75286
76395
78661
79570
79920
81936
83145
85640
86921
87125
87015
89060
90404
93129
94525
95191
94220
94700
96071
99021
100549
100305
98450
98041
100365
101890
103436
104965
102965
101580
101196
103806
105374
106991
107060
104357
102515
103910
105505
107137
108804
106757
105034
104620
105705
108950
110615
110765
108082
106034
107106
108740
110396
112064
111900
107925
107371
108330
109970
111645
113330
109075
107030
106596
107910
109575
112976
112765
110092
108074
107665
109286
110960
112615
111895
106436
105895
107175
108821
110500
112180
109066
106915
105880
106501
108105
109755
111411
108490
105977
104853
105656
107280
110591
111360
108790
106455
105052
106445
108085
109751
110730
108250
105701
105300
106935
108566
110230
111290
108925
104760
104685
106101
107735
109415
110547
105490
104090
104315
105827
107429
110361
108355
105747
104163
105176
106775
108400
109721
107980
103547
103364
104750
106345
109545
108845
106400
104431
104070
105625
107216
108835
109425
104216
103140
103785
105366
108605
109790
107641
105216
103930
105386
106954
108566
107952
105463
103865
103916
105400
107010
110296
109595
106700
104852
104109
106645
108281
109940
109680
106696
103821
104879
106490
108111
109775
107896
105750
104555
104850
106381
109677
110593
108261
105665
104110
104295
107424
109050
110411
108595
105820
103286
104315
105892
107484
109070
105530
103456
102755
103800
106956
108605
109220
107241
105466
104110
105510
107151
108840
110285
105784
103920
103591
104920
106507
109767
110554
108120
105585
103941
104455
106100
107751
109340
109155
103455
102435
103406
104995
108175
109420
107551
105056
103494
103961
105520
107115
108746
109575
104550
103297
103769
105350
106990
109905
108270
106051
104451
105510
107101
108725
110320
109390
104172
103333
104366
105960
109215
109926
107530
105070
103395
104423
105995
107600
109206
108285
102631
101860
103040
104595
106210
108020
105475
103261
101960
103625
105241
106855
108295
107091
102350
101910
103151
104705
106315
108071
105400
103360
102135
102131
105051
106644
108186
107400
104220
101155
102110
103660
105255
107665
105117
102824
101240
100521
103039
104625
106225
106611
101632
100493
101001
104083
105645
107145
106096
103550
100446
100756
103746
105335
106541
104734
102080
100230
101545
103095
104651
105330
102622
100809
99640
101091
102630
104170
105580
101395
99425
98885
99960
103049
104627
105134
102596
98951
98730
99970
103061
104525
103776
100979
98396
99350
100855
102370
104940
102720
100161
97311
97884
99325
102345
103505
101691
99100
96855
97845
99336
102360
103631
102155
99880
97471
98065
99500
102528
103768
102025
99170
97095
98225
99720
101231
102930
100325
98401
97255
98566
100055
101555
103075
100126
97887
97609
99056
100555
102090
102976
100505
98660
97450
98957
100478
102010
103471
99675
97802
97129
99437
100923
102471
103795
99867
98349
97695
100201
101765
103340
104170
99201
97730
97750
99126
102105
103657
104354
102175
98875
98630
99891
101410
104566
104190
101221
99044
99015
100535
102070
105020
103825
101495
99891
100025
101540
103066
104605
107831
109505
111200
112917
114649
116417
118203
120051
121955
123895
125780
127706
129670
131700
133746
135855
137970
140146
142340
144591
146910
149250
151621
154020
