469956
343381
303251
282517
279324
284951
289286
294101
298240
295126
301096
304256
247132
191659
167515
161016
163265
159991
141815
127680
120460
119137
120834
122720
121966
113335
106035
101955
101681
103165
104750
106026
102680
97665
94130
92670
93531
94911
96329
97315
94516
90370
87500
86515
87465
88761
90070
91405
90980
88602
86919
86190
86905
88190
89511
90820
90662
88098
85976
85105
85780
87070
88375
89692
90574
88790
86535
85316
85360
86495
87760
89050
90346
90140
87545
85770
85066
85745
87030
88331
89635
90540
88760
86590
85300
84891
85840
87095
88370
89661
90195
87715
85325
83981
83965
85100
86330
87600
88855
88746
86665
84960
84015
84186
85320
86546
87809
89090
89446
87087
85023
83932
84189
85380
86620
87890
89167
89524
87535
85776
84754
84555
85536
86765
88030
89305
90217
88450
85719
84090
83691
84685
85940
87160
88435
89556
88580
86250
84825
84106
84546
85779
87052
88323
89606
90090
87742
85349
84014
84106
85281
86519
87790
89076
90245
89595
87340
85570
84492
84541
85673
86945
88206
89496
90359
88615
85870
84171
83695
84635
85860
87101
88380
89645
89515
87256
85595
84675
84655
85760
87015
88306
89595
90625
89055
86397
84639
84085
84955
86170
87431
88725
90025
90395
88260
86711
86050
85980
87036
88310
89602
90898
91670
89351
86485
84680
84225
85185
86436
87710
88985
90187
89259
86915
85615
85185
85770
87006
88265
89561
90864
91441
88825
86206
84749
84810
85981
87230
88500
89805
90686
89030
87115
86265
86220
87196
88460
89765
91100
91935
89506
86726
85174
84935
86001
87246
88524
89825
90871
89235
86770
85697
85303
85971
87220
88505
89850
91156
90930
87760
85452
84405
84764
85985
87230
88511
89810
90640
88500
86280
85500
85266
86090
87335
88610
89886
91200
91335
88510
86150
85131
85545
86790
88075
89371
90685
91070
88775
86960
86177
86289
87382
88663
89966
91285
92366
90449
87355
85541
85005
85920
87215
88496
89815
91095
90945
88661
87155
86450
86480
87590
88866
90190
91525
92220
89836
87320
85940
85955
87142
88410
89704
91030
92270
91381
89205
87855
87450
88121
89405
90720
92070
93350
92656
89415
87290
86500
87286
88585
89900
91235
92600
93981
95375
96810
98250
99701
101170
102675
104175
105706
107240
108865
110495
112131
113830
115550
117296
119065
120845
122686
124565
126505
128446
130435
132456
134450
136485
138600
140776
142950
145162
147409
149690
152020
154421
156895
159376
161860
164365
166891
169475
172116
174821
177610
180425
183326
186342
189403
192501
195641
198850
202125
205406
208746
212125
215591
219205
222887
226590
230395
234255
238196
242256
246430
250726
255131
259641
