421376
280771
258175
261006
244346
219230
200106
185220
177260
178616
180360
165516
146580
134485
128951
129046
131079
129981
119545
110671
105695
105305
106875
108372
105704
100280
96415
94376
94810
96205
97650
98315
94741
90605
88195
88216
89460
90760
91791
89906
87118
85611
85462
86518
87787
89089
90041
88149
85260
83646
83785
84945
86180
87445
87761
86185
84840
84101
84600
85820
87087
88360
88973
86591
84110
82901
83139
84282
85519
86800
87890
86950
85196
84175
83975
84870
86106
87320
88575
88825
86545
84917
84524
85206
86424
87680
88971
90255
91577
92925
94299
95690
97115
98535
100001
101490
103000
104525
106081
107651
109274
110956
112605
114285
115991
117700
119460
121260
123120
125042
126969
128911
130880
132890
134935
137016
139135
141258
143448
145671
147961
150279
152646
155026
157431
159884
162405
164960
167601
170245
173013
175778
178591
181516
184470
187455
190495
