6169095
902551
572667
474851
424016
423913
435079
446727
458875
471827
480881
494156
509451
516262
522791
538047
540351
516533
413679
347356
311366
307835
296253
256789
226470
208426
205102
208759
207015
192687
180339
174221
174705
177756
179140
171786
163805
157096
153025
153565
156096
158615
156230
149497
143729
140491
141155
143416
145730
146365
142191
138365
135675
134576
136236
138419
140665
141911
138160
133926
130851
130129
131911
134055
136250
136816
133525
130765
128966
128425
130080
132185
134391
136305
134306
130260
126975
125435
126631
128690
130806
132865
132670
129355
126606
124970
124900
126741
128825
130945
132096
128855
125116
122380
121597
123158
125126
127150
129116
128130
124890
122505
121456
121985
123895
125866
127910
128715
125026
121190
118600
118122
119724
121635
123600
125531
124940
121995
119838
118868
119485
121346
123355
125405
127147
125601
122608
120140
118961
120135
122026
123981
125979
126662
123980
121639
120266
120189
121841
123820
125810
127626
126020
122716
120095
118895
120070
121945
123886
125905
126995
124371
121910
120365
119996
121495
123440
125446
127515
127735
124771
121820
119817
119989
121830
123770
125771
127450
125755
123186
121370
120845
122300
124226
126230
128255
130296
132355
134450
136621
138810
141055
143371
145725
148135
150571
153045
155556
158145
160825
163536
166290
169111
171920
174821
177830
180960
184156
187355
190646
194031
197481
201024
204651
208421
212246
216119
220131
224236
228417
232784
237245
241781
246461
251220
256136
261253
266593
272091
277716
283582
289619
295831
302241
308851
315611
322500
329391
336681
344011
351550
359047
366760
374906
383386
392276
401481
411082
420901
431186
441976
453226
465101
477466
490507
504186
518633
533859
549878
566690
