1809134
528692
376821
344620
350791
344963
331000
318915
230271
184625
166615
160556
161975
164655
164177
150619
136796
127226
122139
122201
124025
125935
125280
115926
107510
102345
101181
102435
103990
105540
104491
98187
93758
90435
88791
89255
90580
91917
93293
93441
89095
85300
82997
82519
83530
84745
86005
87197
85854
81865
79255
77560
77195
78131
79260
80410
81575
82366
79895
76775
74870
74280
75051
76155
77285
78425
79435
77895
74721
73075
72205
72505
73515
74565
75661
76745
77810
77265
74540
72856
72140
72655
73680
74730
75816
76910
77575
75730
73515
72221
71641
72219
73255
74310
75416
76490
77435
75925
73195
71810
71266
71990
73045
74120
75185
76266
75905
73060
71320
70415
70375
71226
72230
73270
74331
75374
75451
73075
71015
69930
70105
71075
72091
73135
74185
75256
75179
72817
70934
69830
69820
70737
71748
72801
73845
74910
75395
73381
71325
70226
70249
71180
72190
73261
74330
75425
75910
74015
72001
70525
69965
70596
71600
72615
73681
74734
75696
74719
72015
70490
69676
70115
71100
72095
73150
74221
75300
75690
73500
71470
70241
69550
69980
70960
71995
73051
74115
75180
75220
72580
70655
69581
69530
70475
71496
72544
73595
74666
74850
72210
70221
69099
68676
69320
70310
71322
72348
73386
74446
74704
72285
70455
69630
69656
70570
71595
72625
73680
74745
74581
71850
70165
69320
69000
69646
70645
71650
72672
73718
74705
73936
71445
70005
69540
70195
71211
72250
73310
74395
75265
73665
71176
69960
69361
69804
70786
71801
72850
73914
74960
74792
72394
70690
69880
70125
71065
72090
73142
74184
75260
75575
73290
71225
70086
69590
70165
71205
72290
73386
74430
75420
74835
72280
70751
70015
70465
71475
72530
73580
74651
75605
74150
71300
69865
69161
69515
70510
71530
72565
73620
74616
73935
71350
69690
68800
69205
70186
71200
72235
73272
74249
74004
72321
71020
70305
70800
71785
72826
73881
74959
75990
75545
73231
71380
70495
71035
72060
73095
74161
75255
76075
74545
72180
70582
69979
70665
71695
72740
73822
74889
75410
73500
71402
70083
69891
70810
71835
72875
73935
75016
75870
74525
72100
70470
69800
70471
71470
72475
73530
74606
75596
74764
72275
70660
69876
70476
71489
72525
73580
74650
75545
74331
71900
70391
69689
70190
71200
72221
73286
74350
75235
74199
71811
70465
70296
71129
72170
73225
74276
75345
75735
73365
71165
69976
69705
70440
71455
72490
73545
74586
75571
74654
71955
70437
69884
70505
71515
72552
73605
74688
75481
73660
71260
70011
69540
70110
71096
72135
73194
74265
75216
74205
71650
70165
69685
70266
71255
72290
73340
74405
75310
73666
71000
69765
69130
69537
70529
71570
72620
73680
74715
74540
72046
70245
69375
69665
70625
71660
72712
73789
74810
74430
71750
70106
69320
69120
69870
70871
71909
72992
74049
74755
73195
70977
69549
68970
69610
70605
71626
72674
73701
74511
72794
70400
69365
68896
69370
70360
71380
72405
73455
74426
73585
71045
69542
68818
69186
70175
71195
72255
73315
74375
74866
72735
70595
69560
68955
69481
70471
71489
72550
73635
74750
75146
72950
70992
69998
69760
70591
71615
72645
73705
74765
75675
74161
71375
70030
69095
69040
69926
70925
71940
72985
74050
74595
72431
70135
68980
68655
69420
70421
71440
72462
73498
74520
73790
71046
69725
68850
68695
69531
70511
71514
72575
73630
74345
72610
70341
69115
68540
69077
70088
71121
72190
73240
74270
73915
71312
69879
69145
69025
69825
70810
71811
72830
73850
74510
72480
70150
69077
68694
69356
70334
71360
72410
73461
74445
73611
70924
69565
68846
68985
69925
70927
71963
73015
74031
73855
71255
69545
68710
68786
69685
70700
71730
72765
73805
74436
72325
70275
69380
69100
69765
70776
71805
72840
73890
74585
72566
70320
69290
69045
69780
70800
71816
72860
73932
74683
72841
70565
69596
69309
69945
70950
71975
73016
74055
75010
73950
71261
69895
69305
69860
70860
71845
72881
73945
74951
73984
71465
70315
69826
70120
71095
72125
73150
74221
75246
75034
72500
70670
69735
69786
70690
71695
72731
73784
74856
75415
73100
71066
70164
69975
70751
71785
72835
73910
74980
75646
73675
71185
70065
69850
70632
71674
72715
73780
74846
75684
73861
71450
70415
70000
70475
71481
72487
73518
74555
75325
73415
70781
69501
69189
69950
70955
71970
72997
74059
74895
73255
71020
69941
69545
70060
71065
72090
73156
74220
75135
73720
71040
69671
69140
69670
70675
71690
72720
73792
74734
73340
70785
69690
69225
69671
70645
71655
72695
73735
74580
73046
70415
69165
68760
69395
70391
71400
72425
73455
74380
73096
70561
69444
68830
69190
70195
71195
72216
73250
74250
73590
70866
69390
68780
69190
70210
71236
72274
73301
74355
74750
72255
70470
69566
69330
70130
71135
72147
73178
74251
74910
72865
70525
69495
69161
69860
70890
71906
72949
74010
74921
73465
70975
69895
69365
69746
70720
71765
72776
73829
74725
73471
70800
69495
69030
69570
70576
71580
72605
73650
74710
74975
72281
70365
69565
69320
70055
71046
72065
73111
74159
74980
73162
70529
69315
68855
69345
70345
71351
72395
73450
74520
74960
72810
70816
69755
69350
70040
71050
72066
73110
74170
75030
73525
71056
69800
69175
69575
70580
71601
72635
73700
74750
74435
71796
70419
69716
69590
70465
71480
72515
73550
74601
74855
72160
70060
69026
68795
69620
70655
71685
72751
73820
74320
71820
69805
68960
68582
69219
70190
71225
72285
73330
74081
72455
69960
68730
68250
68806
69790
70785
71815
72845
73795
72986
70345
69095
68435
68465
69330
70321
71355
72420
73470
74030
72201
70200
68985
68630
69352
70349
71360
72375
73415
74345
73017
70689
69645
69250
69620
70600
71660
72731
73765
74790
74241
71509
69921
69080
69120
70075
71085
72135
73201
74275
74485
71875
70175
69386
69185
69975
70995
72015
73080
74131
74750
72730
70465
69300
68955
69676
70700
71745
72785
73840
74856
73960
71430
70310
69750
69965
70926
71967
73033
74075
75045
74051
71245
69835
69170
69530
70496
71530
72556
73615
74669
74256
71485
70115
69540
69770
70735
71751
72805
73855
74930
74931
72314
70412
69459
69525
70460
71465
72520
73576
74630
74790
72221
70571
69755
69519
70330
71350
72400
73495
74551
75035
72720
70555
69430
69176
69955
70980
72030
73075
74116
75091
74024
71425
70070
69345
69411
70335
71345
72390
73437
74474
75000
72560
70296
69154
68731
69460
70485
71520
72550
73630
74610
73236
70491
69309
68650
68640
69515
70526
71540
72605
73660
74555
73051
70225
68875
68100
68475
69451
70445
71445
72470
73515
73716
71095
69350
68332
67808
68425
69415
70406
71440
72490
73505
73030
70266
68651
67684
67650
68535
69545
70551
71570
72585
73495
71980
69631
68550
67880
68030
68976
69959
70977
72009
73026
73199
70690
68856
67810
67660
68485
69475
70465
71470
72497
73484
72500
70030
68866
68180
68350
69290
70280
71285
72306
73320
73485
71250
69442
68538
68326
69145
70145
71162
72193
73236
73745
71345
69485
68700
68400
69041
70025
71050
72100
73165
74016
72620
70265
69135
68705
69230
70220
71216
72240
73271
74234
73250
70641
69525
69015
69235
70195
71211
72225
73260
74250
73710
71105
69581
68775
69055
70015
71017
72054
73115
74185
74285
71815
70325
69657
69564
70375
71405
72451
73490
74540
74810
72401
70460
69574
69496
70315
71310
72325
73346
74391
75004
72895
70990
70140
69772
70299
71300
72326
73374
74440
75191
73395
70985
69875
69510
70225
71246
72275
73315
74370
75355
74131
71550
70240
69390
69561
70480
71500
72540
73580
74600
74230
71601
70095
69262
69378
70345
71371
72390
73445
74500
74455
71680
70310
69556
69150
69720
70682
71683
72716
73750
74350
72280
70140
69020
68466
69100
70100
71100
72131
73185
74246
74664
72960
71430
70711
70980
71960
72975
74036
75099
75806
73980
71525
70340
69785
70338
71349
72374
73426
74459
75260
73402
71310
70429
70030
70515
71531
72590
73655
74705
75395
73640
71412
70319
70215
71086
72130
73195
74285
75355
75835
73356
71569
70646
70215
70885
71910
72920
73986
75060
75431
73059
71047
70214
70345
71320
72360
73415
74480
75521
75065
72560
71305
70605
70676
71560
72575
73625
74690
75705
74881
72010
70465
69756
70269
71285
72297
73359
74420
75476
74619
71912
70774
70095
70135
71006
72025
73055
74120
75195
75585
73321
71406
70469
70370
71235
72300
73351
74420
75475
75875
73445
71631
70715
70305
70940
71960
72995
74052
75114
75570
73292
71158
70105
69901
70675
71681
72704
73746
74810
75410
73250
71345
70305
69652
69959
70910
71925
72980
74021
74980
73806
71294
70155
69635
70106
71120
72150
73200
74287
75323
74676
72100
70926
70189
70092
70919
71945
72980
74022
75073
75561
73160
71040
70045
69665
70320
71341
72360
73385
74435
75215
73321
71070
70270
69770
70156
71109
72131
73185
74246
75270
74589
72005
70681
70131
70551
71548
72580
73626
74680
75670
74450
71800
70775
70206
70435
71355
72370
73430
74496
75482
74368
71730
70540
70051
70605
71635
72680
73755
74806
75710
74195
71825
70995
70590
70927
71894
72910
73990
75065
75920
74307
71949
70726
70386
71093
72126
73160
74210
75301
76289
75296
72840
71710
71105
71335
72272
73309
74395
75521
76584
75930
73116
71510
70770
71085
72100
73160
74231
75335
76415
76511
73979
72491
71790
71586
72349
73375
74436
75520
76595
76531
73949
72196
71245
71275
72195
73235
74281
75365
76405
75545
72780
71600
71065
71391
72395
73415
74495
75590
76667
76189
73426
71924
71115
71431
72440
73482
74548
75665
76760
76246
73456
72010
71189
71080
71886
72915
73975
75050
76150
76877
74924
72715
71465
70905
71570
72606
73655
74705
75800
76720
75071
72505
71220
70485
70650
71577
72614
73655
74725
75735
75075
72352
70964
70300
70545
71505
72551
73610
74660
75720
75350
72446
71020
70191
70049
70920
71935
72970
74001
75065
75165
72860
71122
70414
70895
71900
72925
73980
75036
76095
76255
74045
72466
71465
71260
72130
73155
74205
75295
76346
76345
73930
72222
71379
71710
72705
73735
74806
75891
76974
76700
74100
72610
71750
71815
72766
73841
74914
76005
77052
76419
73755
72085
71295
71740
72771
73815
74876
75944
76940
75910
73341
72125
71460
71860
72875
73921
74991
76099
76945
75120
72627
71380
71054
71765
72795
73860
74926
76010
76825
74907
72573
71586
71085
71522
72518
73555
74635
75716
76540
74765
72425
71415
71152
71929
72955
74015
75100
76170
76656
74170
72290
71335
70990
71661
72725
73795
74895
75975
76531
74376
72394
71560
71810
72810
73866
74950
76040
77135
77295
74881
73195
72285
72105
72956
74005
75080
76195
77235
76335
73640
72171
71565
72175
73200
74276
75377
76478
77445
76401
74159
72931
72085
72360
73340
74385
75460
76542
77319
75380
72966
71909
71631
72360
73415
74475
75557
76659
76965
74322
72428
71595
71370
72161
73215
74285
75365
76431
75785
72966
71499
70860
71300
72311
73360
74410
75485
76440
75040
72446
71445
70920
71330
72341
73405
74480
75560
76330
74606
72370
71445
71055
71690
72730
73811
74900
75985
76525
74251
72424
71693
71513
72320
73370
74450
75550
76601
76280
73515
72025
71375
71621
72605
73671
74739
75820
76866
76185
73535
72350
71740
71951
72880
73915
74975
76070
77142
76404
73745
72376
71744
72100
73122
74189
75280
76380
77095
74811
72660
71917
71613
72195
73272
74344
75435
76495
76930
74530
72466
71645
71675
72580
73600
74666
75750
76835
76880
74280
72780
72016
71791
72539
73595
74665
75771
76855
76520
73870
72360
71866
72370
73390
74441
75519
76610
77621
76550
74105
72925
72480
72866
73860
74920
76005
77135
77971
76145
73735
72600
72345
73115
74186
75262
76363
77470
78325
76686
74300
73130
72372
72403
73272
74304
75370
76460
77365
75831
73045
71755
71060
71610
72646
73705
74785
75875
76830
75477
73009
71725
71010
71130
72046
73064
74122
75194
76255
76015
73306
71635
70900
70955
71915
72960
74005
75116
76186
75849
73210
71701
70805
70505
71235
72255
73285
74356
75415
76025
73630
71345
70382
70074
70775
71825
72890
73965
75026
75980
74720
72060
70855
70146
70165
71055
72045
73120
74210
75271
75995
73785
71470
70330
69836
70470
71470
72505
73550
74635
75671
75030
72445
71170
70486
70476
71334
72350
73375
74440
75495
75966
73615
71632
70643
70452
71244
72265
73285
74340
75395
76141
74235
72107
71238
70696
71044
72026
73040
74095
75175
76240
76040
73431
71935
71155
71330
72321
73365
74420
75490
76560
76585
73966
72355
71540
71345
72160
73186
74230
75310
76410
76680
74236
72445
71545
71465
72350
73405
74466
75540
76635
76955
74715
73131
72505
72395
73170
74245
75335
76461
77600
78000
75340
73340
72381
72375
73280
74330
75395
76496
77600
77750
74940
73130
72461
72270
72975
74010
75070
76190
77307
77984
75810
73495
72485
72316
73210
74290
75360
76465
77576
77990
75495
73580
72681
72339
72936
73960
75015
76110
77220
78071
76250
73715
72590
72145
72751
73775
74840
75912
77008
77806
75895
73725
72765
72270
72735
73766
74835
75905
76995
77635
75521
73250
72216
72024
72835
73865
74926
76030
77110
76815
74191
72755
72085
72027
72864
73924
75006
76095
77135
76455
73755
72371
71805
72255
73295
74370
75460
76541
77515
76085
73585
72650
72271
72650
73660
74720
75820
76946
77760
75801
73304
72270
71925
72596
73635
74735
75820
76895
77481
75150
73096
72279
71985
72560
73591
74656
75744
76850
77281
74706
72654
71925
71945
72860
73931
75030
76140
77280
77370
74816
73235
72480
72305
73025
74045
75056
76120
77135
76285
73536
72316
71909
72545
73595
74650
75761
76880
77755
75925
73500
72645
72286
72820
73840
74890
75965
77076
77495
75025
72995
72172
72239
73155
74225
75295
76412
77495
77004
74285
72945
72275
72250
73086
74115
75185
76285
77321
76670
73821
72464
72000
72430
73451
74520
75620
76705
77520
75631
73305
72442
72023
72465
73486
74550
75600
76695
77320
75135
73085
72231
72190
73070
74155
75221
76310
77415
77875
75485
73550
72627
72240
72795
73819
74860
75966
77065
77230
74325
72410
71685
71791
72676
73734
74805
75900
76956
76475
73956
72754
72335
72411
73310
74355
75420
76520
77491
76340
73805
72555
72050
72606
73640
74720
75825
76950
77470
75111
73270
72515
72250
72920
73946
75000
76095
77175
76941
74234
72676
72065
72475
73472
74514
75600
76710
77585
75905
73570
72656
72325
72770
73770
74855
75956
77065
77940
76030
73710
72645
72211
72870
73915
74970
76065
77167
77899
75635
73210
71955
71210
71596
72580
73630
74705
75775
76716
75185
72482
71374
71075
71775
72820
73875
74965
76030
76751
74871
72850
72129
71775
72205
73211
74226
75314
76390
76835
74491
72475
71635
71505
72360
73415
74466
75550
76625
76226
73724
72461
71925
71955
72840
73885
74961
76050
76925
75365
72865
71835
71511
72200
73260
74350
75440
76526
76920
74475
72535
71735
71460
72171
73205
74250
75340
76430
76482
74059
72402
71798
72005
72976
74035
75106
76209
77266
76215
73435
72315
71851
72149
73096
74140
75190
76295
77310
76065
73291
72006
71479
72002
73038
74055
75136
76250
77165
75600
73125
72051
71617
71913
72865
73906
74970
76040
76887
75288
73020
72276
72165
73005
74080
75160
76271
77400
77900
75430
73600
72825
72616
73340
74390
75430
76515
77592
77929
75525
73570
72635
72676
73605
74670
75735
76825
77876
77060
74325
73130
72520
72657
73594
74645
75720
76822
77868
77046
74340
72950
72365
72905
73941
75010
76090
77170
77930
75716
73205
72160
71715
72285
73320
74361
75450
76555
77241
75151
72763
71696
71450
72260
73330
74390
75476
76515
75950
73070
71720
71097
71069
71980
72990
74060
75155
76186
75190
72461
71069
70571
71135
72135
73146
74194
75260
75846
73755
71840
71080
70790
71425
72441
73477
74563
75675
76365
74301
72170
71300
71055
71830
72865
73927
75004
76086
76554
74285
72397
71459
71070
71625
72660
73726
74795
75870
76595
74535
72370
71471
71470
72325
73355
74420
75491
76600
76580
74070
72614
71942
71851
72649
73675
74740
75811
76875
76585
73805
72230
71700
71981
72961
73999
75060
76155
77116
75660
73225
72285
71870
72380
73411
74460
75580
76710
77326
75085
72780
71941
71999
72891
73930
75015
76100
77135
76445
73755
72516
71871
71999
72960
74010
75091
76170
77091
75604
73020
72041
71920
72730
73795
74845
75936
76985
76735
73975
72480
71817
71899
72850
73905
74960
76061
77090
76250
73580
72350
72011
72639
73696
74775
75880
76985
77006
74425
72895
72260
72185
73045
74110
75176
76260
77165
75675
73167
72254
72020
72760
73820
74885
75987
77069
77045
74355
72816
72256
72279
73180
74235
75310
76420
77441
76500
73817
72563
72190
72836
73875
74960
76070
77161
77365
74860
73255
72566
72474
73336
74391
75459
76560
77500
76096
73475
72360
71965
72700
73710
74756
75860
76960
77125
74675
73131
72485
72451
73364
74420
75490
76586
77551
76114
73540
72495
72241
73021
74069
75135
76230
77346
77290
74795
73345
72730
72746
73680
74740
75820
76905
77756
76135
73790
72780
72621
73495
74565
75680
76790
77880
77435
74776
73445
72810
73025
74025
75096
76185
77291
78069
76142
73854
72815
72702
73573
74630
75716
76785
77835
77292
74668
73335
72822
73069
74040
75095
76195
77305
77951
75735
73400
72555
72490
73366
74425
75505
76630
77676
76930
74271
73014
72450
72690
73660
74706
75780
76882
77719
75944
73621
72690
72670
73545
74600
75676
76790
77881
77369
74660
73186
72466
72559
73470
74525
75606
76700
77640
76215
73840
72835
72771
73600
74650
75740
76855
77926
77115
74375
73215
72786
73059
74062
75119
76205
77316
78094
76196
73870
72910
72840
73675
74706
75775
76860
77930
77405
74761
73320
72680
72860
73815
74891
75965
77070
77870
76156
73999
73091
73115
74075
75145
76227
77304
78325
77380
74746
73635
73275
73650
74671
75754
76875
78015
78638
76333
74230
73280
73225
74122
75204
76315
77445
78460
77251
74665
73660
73275
73745
74751
75815
76920
78010
78046
75365
73412
72568
72770
73755
74840
75916
77025
77935
76370
73920
72857
72314
72725
73760
74825
75916
77015
77765
75825
73645
72696
72565
73375
74430
75510
76615
77671
76950
74316
72969
72360
72501
73471
74520
75609
76705
77546
76155
73786
72699
72545
73376
74435
75505
76600
77705
77986
75605
73781
72890
72494
73100
74146
75200
76292
77368
77591
74899
73146
72507
72753
73755
74841
75960
77075
78085
77085
74520
73456
72965
73365
74390
75435
76526
77660
78115
75805
73720
72961
73180
74165
75230
76331
77429
78146
76085
73746
72729
72270
72762
73794
74875
75977
77028
76866
74335
72810
72325
72770
73800
74861
75935
77015
77480
75150
73221
72235
71946
72634
73655
74705
75791
76770
75470
72646
71349
71046
71740
72765
73805
74891
75956
75639
73070
71640
71126
71294
72276
73330
74397
75478
76415
75272
72794
71610
71455
72195
73241
74301
75379
76460
76745
74437
72634
71745
71690
72540
73565
74616
75705
76755
76405
73816
72420
71920
72355
73400
74440
75495
76576
77085
75030
73230
72485
72381
73155
74190
75235
76310
77341
76495
73945
72805
72240
72715
73741
74770
75842
76943
77470
75451
73525
72670
72405
73122
74169
75235
76320
77376
76815
74029
72796
72540
73140
74180
75245
76316
77430
77850
75440
73665
73026
73010
73875
74955
76051
77150
78145
76885
74095
72865
72605
73431
74500
75590
76675
77766
77600
75145
73485
72715
72686
73495
74541
75614
76705
77765
77131
74410
72945
72490
73070
74091
75135
76201
77284
77820
75515
73451
72725
72605
73415
74460
75536
76621
77694
77345
74685
73186
72705
73211
74249
75306
76375
77465
78001
75964
74035
73171
72935
73660
74710
75780
76880
77916
77130
74555
73490
73295
74026
75095
76185
77305
78440
78721
77195
76435
76560
77296
78410
79540
80690
81855
83035
84191
84500
84195
84460
85365
86631
87880
89170
90502
91724
91495
90530
90100
90150
91126
92470
93840
95225
96472
95834
94155
93495
93967
95314
96750
98220
99726
99911
98249
97060
96411
96915
98315
99761
101280
102710
101660
99081
97725
97735
99016
100504
102011
103532
103960
101688
99757
98754
98720
100065
101616
103167
104648
104265
101351
99645
99220
100290
101781
103317
104868
105805
103521
101331
100129
99590
100531
102027
103563
105120
105571
102560
100080
98846
99425
100835
102320
103826
104821
102834
100670
99466
98835
99675
101115
102626
104160
104920
102331
99910
98690
98965
100372
101839
103335
104752
103563
101172
99789
98985
99380
100781
102315
103896
105409
104596
101620
99950
99476
100485
101965
103500
105056
106345
104440
101910
100566
99825
100325
101776
103280
104805
105940
103730
100936
99240
99355
100776
102300
103855
105360
104696
102270
100595
99575
99876
101280
102765
104285
105746
104945
102035
99997
99479
100617
102113
103630
105166
106110
103895
101691
100340
99845
100735
102250
103816
105385
106225
103436
100590
99290
99545
100931
102450
103980
105510
105136
102175
100205
98807
98259
99220
100690
102190
103681
104050
101156
98859
97681
97800
99170
100635
102126
103630
103861
101195
99240
97875
97170
98010
99456
100935
102425
103581
101220
98130
96455
96041
97165
98620
100075
101580
102201
99820
97810
96570
95906
96535
97935
99400
100886
102150
100500
97145
95306
94840
95855
97275
98716
100205
101240
99305
97071
95735
95045
95575
96936
98385
99856
101299
100546
97145
95195
94530
95346
96745
98156
99624
100926
99495
96940
95440
94771
95355
96730
98136
99615
101015
99660
96160
94276
93765
94705
96090
97521
98976
100229
98595
96186
94902
94138
94385
95636
97025
98460
99935
99866
96805
94555
93860
94616
95995
97410
98875
99926
97990
95810
94715
94210
95052
96459
97890
99351
100630
98800
95675
94170
94201
95460
96900
98360
99816
99815
97220
95380
94291
94236
95429
96830
98302
99774
100261
97094
94446
93300
93790
95140
96516
97970
99245
97665
94861
93180
92341
92504
93725
95112
96519
97940
98425
95576
93210
92310
92865
94211
95615
97015
98410
97766
95235
93670
92770
92761
93925
95295
96700
98106
98815
96155
93560
92371
92657
93928
95310
96732
98129
97820
95370
93890
93132
93169
94365
95775
97206
98650
98730
95710
93436
92525
93170
94550
95937
97354
98736
98149
95746
94255
93375
93470
94731
96135
97547
98979
98859
95451
93090
92115
92605
93956
95342
96743
98115
97561
94915
93485
92655
92791
94046
95450
96910
98355
98620
95615
93301
92405
92950
94320
95730
97125
98541
98220
95635
94011
93285
93495
94740
96160
97626
99080
99811
96790
94055
92880
93185
94506
95865
97275
98705
98686
95975
94260
93331
93399
94571
95980
97407
98813
99611
97085
94452
93413
93686
94996
96399
97855
99271
98820
96085
94437
93528
93566
94795
96205
97680
99151
99730
96670
93970
92956
93395
94751
96184
97631
98985
98165
95455
94053
93288
93390
94610
96021
97445
98876
99514
96866
94390
93320
93790
95126
96515
97950
99335
98810
96101
94450
93500
93616
94860
96285
97745
99200
99536
96305
93925
93010
93621
95016
96434
97880
99301
98880
96020
94185
93266
93381
94609
96010
97446
98915
99460
96440
94066
93180
93710
95075
96506
97920
99300
98365
95571
94090
93255
93555
94885
96307
97759
99215
98980
95776
93665
93090
93930
95296
96700
98117
99295
97499
95090
93820
93080
93426
94735
96130
97575
99001
98295
95075
93235
92811
93805
95220
96670
98140
98946
97040
95240
94000
93461
94286
95694
97140
98597
99684
97260
94035
92456
92506
93734
95110
96516
97940
98160
95636
93700
92616
92270
93239
94585
95966
97390
98557
96623
93786
92250
92115
93226
94590
96000
97415
98055
95616
93525
92445
92135
93156
94516
95924
97335
98127
95649
93180
92125
92587
93964
95355
96770
98156
97502
95053
93525
92616
92775
94085
95480
96915
98306
97540
94350
92380
91791
92750
94090
95485
96851
95570
91500
88880
86951
86345
87300
88590
89880
91061
89615
86165
84175
83436
84315
85561
86850
88049
86876
83805
82100
81230
81375
82451
83650
84885
86065
85421
82215
80435
79930
80690
81846
83045
84250
85195
83520
81066
79740
79130
79542
80628
81816
83010
84190
83417
80258
78546
77985
78605
79730
80895
82061
83155
82375
79840
78345
77506
77700
78715
79850
81020
82227
82784
80280
78030
77080
77256
78325
79465
80610
81736
81530
79075
77440
76680
76770
77736
78875
80020
81175
81917
79539
77120
76145
76280
77260
78371
79490
80645
81365
79505
77406
76400
76115
76780
77882
79009
80160
81285
80525
77725
76161
75785
76485
77575
78705
79861
80915
80030
77686
76301
75719
76115
77155
78270
79417
80574
80825
78275
76265
75460
75766
76795
77900
79030
80190
80386
78095
76445
75690
75726
76624
77731
78856
80019
80925
79101
76530
75325
75190
76065
77150
78256
79395
80150
78335
76185
75211
74890
75425
76475
77580
78711
79850
79710
77047
75048
74336
74835
75900
77005
78131
79240
79440
77255
75416
74519
74277
75049
76135
77230
78346
79449
79271
76535
74710
74050
74430
75471
76555
77665
78795
79775
78776
76325
74720
73770
73846
74765
75855
76970
78100
79235
79606
76895
74770
73680
73660
74596
75670
76765
77915
79020
79030
76302
74454
73370
73105
73796
74840
75920
77030
78135
78946
76735
74200
72960
72535
73270
74361
75440
76565
77700
78585
76751
74250
73010
72300
72415
73370
74431
75530
76630
77715
77192
74129
72220
71475
71645
72595
73636
74715
75805
76870
76540
73966
72310
71500
71515
72417
73448
74501
75565
76660
77025
74385
72286
71250
71285
72212
73243
74296
75355
76440
76755
74195
72196
71282
71173
71940
72995
74045
75116
76170
77101
75584
72975
71781
71505
72245
73315
74395
75485
76591
77555
76267
73690
72234
71695
71965
72915
73945
75035
76130
77236
77755
75255
72965
71862
71849
72760
73805
74870
75960
77071
77686
75644
73540
72540
72241
72945
73982
75033
76147
77254
78150
76445
73850
72512
72238
72981
74035
75105
76212
77323
77750
75236
73230
72175
72035
72780
73821
74865
75960
77045
77692
75464
73070
71920
71965
72915
73986
75080
76186
77279
77965
75885
73706
72621
72209
72631
73634
74706
75800
76900
77900
76965
74306
72805
72265
72925
73985
75091
76185
77310
78185
76516
74134
72861
72385
72840
73870
74925
76026
77130
78030
76412
73828
72607
72469
73326
74366
75433
76526
77645
77810
75245
73505
72745
72642
73459
74526
75574
76675
77761
77766
74969
73031
72394
72771
73790
74885
75975
77070
78050
77006
74515
73105
72485
72625
73491
74550
75620
76705
77781
77615
74580
72875
72050
72210
73186
74225
75281
76379
77465
76950
74106
72541
71784
71845
72717
73779
74875
75987
77073
77100
74176
72280
71540
71805
72820
73877
74954
76055
77175
77315
74771
73020
72140
72080
72895
73925
74982
76064
77175
77810
75525
73271
72330
72415
73345
74400
75500
76591
77700
77470
74720
73025
72041
71630
72221
73239
74290
75356
76435
76497
73898
72090
71206
71340
72300
73336
74416
75508
76456
75056
72739
71555
70685
70556
71380
72415
73460
74525
75595
76176
73946
71799
70945
70760
71636
72675
73735
74830
75890
76050
73861
72250
71320
70890
71360
72356
73390
74450
75515
76485
75472
72769
71320
70870
71400
72420
73461
74535
75630
76670
75910
73456
72031
71299
71327
72194
73219
74286
75340
76415
76985
74855
72741
71715
71570
72365
73400
74480
75571
76660
76915
74495
72656
71735
71440
72115
73145
74210
75276
76376
77269
75860
73400
72280
72001
72750
73775
74856
75936
77034
77805
76065
73965
72955
72681
73055
74056
75124
76220
77297
77974
76045
73897
72835
72820
73710
74774
75870
76980
78095
78441
76245
74295
73280
72825
73322
74364
75460
76551
77684
78486
76700
74320
73275
73060
73930
74996
76090
77216
78294
78015
75431
73655
72495
72055
72725
73781
74885
75990
77080
77642
75514
73341
72309
72315
73250
74296
75345
76445
77560
77935
75795
73821
72560
71885
72231
73234
74311
75360
76455
77470
76500
73831
72395
71580
72065
73120
74165
75257
76384
77255
75710
73360
72125
71461
71745
72676
73709
74760
75806
76820
75905
73250
71920
71501
72107
73158
74230
75315
76391
77190
75522
73338
72200
71676
72180
73190
74250
75330
76415
77436
76670
74025
72661
72029
72361
73385
74440
75540
76625
77546
76170
73840
72760
72310
72731
73710
74760
75855
76945
77940
76911
74235
72940
72475
73135
74176
75235
76335
77440
78335
76830
74701
73705
73170
73450
74420
75506
76605
77696
78469
76465
73921
72805
72465
73270
74325
75390
76483
77598
78220
76160
74180
73181
72745
73160
74160
75215
76316
77440
78305
76555
74091
73140
73145
74010
75080
76165
77276
78360
78015
75385
73890
73167
73164
74037
75078
76170
77276
78340
77580
74665
73090
72550
73131
74165
75230
76300
77411
78170
76376
74219
73096
72801
73288
74301
75395
76520
77615
78702
78249
75315
73482
72673
73195
74247
75319
76405
77500
78536
77690
74931
73384
72730
72900
73861
74945
76035
77130
78231
78944
76736
74290
72960
72440
73175
74236
75285
76360
77455
78227
76503
74356
73315
72945
73485
74496
75575
76685
77800
78915
78841
75915
74160
73190
73230
74211
75295
76395
77520
78616
77999
75106
73565
72730
72557
73413
74466
75550
76631
77754
78250
75625
73376
72435
72555
73525
74591
75655
76750
77830
77611
74824
73171
72330
72225
72975
74042
75109
76230
77340
78095
76195
74010
72911
72810
73655
74741
75836
76914
77985
77760
75285
73835
73106
73165
74045
75110
76206
77324
78426
78480
75650
73715
72930
73126
74080
75150
76250
77362
78464
78255
75655
74130
73370
73356
74225
75315
76440
77580
78707
78449
75365
73685
73215
73776
74860
75930
77032
78163
79222
78064
75366
73979
73200
73260
74186
75265
76380
77495
78625
78956
76305
74295
73460
73595
74606
75681
76755
77844
78935
78711
76130
74500
73650
73517
74378
75426
76525
77625
78745
78765
75786
73840
72920
73152
74183
75251
76355
77470
78530
77765
75380
74086
73395
73530
74430
75510
76606
77740
78870
79245
76740
74681
73531
73444
74410
75470
76546
77665
78740
77975
75250
73800
73041
72860
73600
74670
75770
76871
78005
78310
75755
73790
72756
72750
73725
74801
75884
77010
78071
78005
75670
73915
72901
72365
72870
73905
74970
76075
77171
77965
76297
73953
72607
72014
72830
73870
74950
76046
77165
78035
76631
74509
73260
72415
72636
73610
74640
75735
76846
77940
77935
75390
73605
72612
72775
73784
74855
75970
77065
78166
77850
75465
74010
72940
72676
73440
74491
75569
76685
77805
78476
76195
73705
72375
72100
72971
74025
75115
76200
77305
77962
76094
74135
72925
72545
73311
74335
75380
76457
77580
78553
77371
74835
73500
73151
73899
74961
76045
77150
78300
78870
77091
75340
74210
74030
74937
76014
77130
78260
79330
78336
75350
73740
73170
73965
75041
76134
77256
78396
78889
77160
75385
74151
73940
74905
75975
77085
78206
79306
78674
75845
74127
73259
73785
74850
75935
77045
78160
78791
77100
75095
73890
73531
74450
75515
76592
77708
78836
78991
76334
74270
73380
73540
74545
75576
76670
77760
78835
78216
75790
74425
73586
73789
74760
75831
76940
78045
79095
78145
75076
73481
72850
73539
74635
75731
76841
77959
78935
77795
75357
74049
73470
74025
75090
76171
77270
78405
79275
77250
74750
73696
73470
74352
75418
76506
77615
78705
78432
75723
74245
73616
73875
74890
75955
77075
78196
79292
78323
75300
73690
73206
73841
74909
76005
77105
78230
78926
76785
74640
73785
73500
74147
75194
76270
77385
78515
78931
76471
74544
73830
74076
75090
76175
77310
78445
79435
78300
75921
74850
74327
74648
75662
76745
77844
78980
79890
78140
75456
74205
73975
74800
75881
77005
78125
79260
79421
77069
75356
74520
74455
75250
76310
77435
78546
79655
79100
76180
74475
73776
74190
75240
76320
77396
78545
79355
77475
75275
74235
73892
74449
75480
76560
77690
78831
79520
77315
75070
73965
73991
74920
75980
77100
78220
79310
78871
76335
74910
74255
74301
75155
76255
77380
78505
79621
79335
76370
74710
74115
74615
75671
76735
77830
78965
79691
77755
75685
74815
74485
75080
76152
77264
78410
79580
80060
77501
75356
74404
74645
75665
76727
77814
78925
79850
78425
76031
74801
74381
74908
75955
77032
78139
79266
79905
77425
74989
73931
73860
74795
75850
76930
78046
79115
78540
75912
74648
74026
74295
75255
76370
77500
78651
79655
78210
75541
74229
74040
74851
75940
77050
78171
79304
79046
76411
74934
74280
74325
75176
76280
77425
78586
79719
79202
76284
74930
74520
75075
76136
77260
78385
79530
79820
77351
75485
74555
74400
75170
76241
77345
78445
79520
79100
76281
74786
74331
74928
76000
77100
78236
79380
79680
77235
75545
74841
74825
75685
76785
77911
79065
80180
79605
76635
75065
74601
75190
76285
77390
78500
79656
80030
77650
75735
74952
74753
75501
76585
77692
78818
79960
79606
76625
74941
74301
74688
75747
76839
77965
79090
79781
77855
75680
74665
74235
74795
75871
76975
78130
79295
79140
76136
74340
73671
74109
75160
76275
77391
78526
79444
77955
75536
74380
73850
74030
75015
76120
77221
78345
79320
77710
75070
73826
73680
74541
75634
76765
77926
79060
78985
76575
74885
74071
74100
74990
76065
77190
78316
79380
78420
75595
74290
73935
74667
75749
76840
77965
79071
79035
76650
75070
74345
74345
75161
76250
77341
78454
79501
78625
75761
74371
74138
75020
76096
77235
78370
79507
79428
76735
75076
74201
74064
74870
75941
77060
78195
79255
78096
75349
74181
73930
74691
75780
76905
78025
79120
78720
76100
74620
73966
74070
74935
76020
77131
78256
79329
78460
75540
74150
73670
74301
75380
76480
77580
78686
79220
77010
74865
73815
73481
74116
75170
76259
77390
78500
78936
76486
74504
73615
73940
74951
76025
77120
78250
79227
77984
75625
74440
73940
74336
75335
76425
77570
78722
79488
77286
74835
73885
73875
74785
75880
76996
78120
79000
77612
75398
74262
73924
74625
75690
76785
77907
79049
79450
76865
74865
73971
74320
75350
76430
77540
78660
79531
77916
75624
74615
74070
74556
75575
76645
77750
78856
79580
77445
75305
74345
74460
75446
76545
77655
78780
79885
79286
76590
75045
74230
74265
75140
76236
77345
78485
79595
79000
75881
74195
73255
73451
74474
75526
76630
77735
78675
77205
74776
73625
73105
73505
74541
75605
76705
77840
78750
76965
74275
73061
72825
73670
74726
75785
76870
77970
78045
75620
73861
73030
73070
73955
75010
76071
77180
78270
78695
76095
74075
73231
73411
74390
75469
76561
77694
78762
78329
75700
74220
73626
73735
74665
75745
76845
77955
79066
78665
76027
74333
73721
74240
75305
76400
77515
78642
79474
77780
75485
74390
73980
74421
75456
76539
77645
78760
79711
78090
75450
74131
73874
74670
75731
76805
77891
79001
80003
78911
76110
74370
73550
73740
74721
75810
76955
78090
79215
78996
75880
74041
73104
73416
74475
75555
76645
77730
78825
78650
75936
74225
73460
73405
74292
75359
76465
77585
78700
79045
76461
74490
73600
73850
74857
75944
77050
78185
79185
77971
75505
74355
73725
73895
74855
75956
77085
78205
79197
77828
74975
73612
73134
73890
74960
76045
77166
78300
78730
76325
74315
73286
72865
73525
74575
75645
76731
77825
78551
76204
73775
72856
72755
73620
74665
75720
76830
77906
77365
74735
73210
72440
72275
73066
74100
75150
76220
77315
77571
75165
73360
72625
72810
73791
74840
75910
77000
78015
77188
74713
73460
72850
73020
73925
74976
76070
77195
78275
77750
75081
73615
73075
73545
74595
75646
76740
77855
78725
77181
75045
73855
73250
73590
74600
75665
76761
77877
78888
77535
74657
73224
72775
73510
74545
75626
76715
77835
78540
76875
74850
73681
73100
73375
74375
75475
76600
77712
78769
78075
75226
73720
72920
73395
74440
75500
76550
77631
78465
77080
74956
73909
73316
73646
74644
75716
76840
77950
78810
76930
74580
73355
73045
73801
74870
75965
77095
78211
78625
76516
74659
73660
73282
73864
74920
75985
77050
78126
78695
76360
74115
73155
72850
73765
74831
75915
77050
78170
77976
75550
74150
73315
73175
73940
75006
76115
77210
78300
78447
75644
73955
73175
73301
74294
75356
76435
77530
78586
77959
75471
73980
73142
73088
73920
74965
76021
77120
78230
78305
75465
73856
73120
73385
74395
75450
76566
77695
78595
77115
74925
73666
73010
73131
74054
75115
76225
77331
78315
77280
74775
73635
73052
73620
74684
75770
76880
77973
78198
75980
74486
73664
73550
74231
75325
76405
77510
78645
78571
75710
73985
73345
73765
74791
75855
76920
78020
78757
76914
74600
73640
73221
73730
74755
75840
76965
78085
78610
76371
74220
73380
73515
74520
75610
76666
77790
78625
76905
74660
73636
73205
73560
74540
75605
76716
77805
78715
77106
74669
73716
73690
74555
75630
76725
77835
78806
77760
75185
73955
73491
73950
74985
76070
77180
78280
79136
77295
74736
73679
73620
74556
75625
76720
77845
78950
78821
76115
74426
73630
73525
74376
75454
76541
77629
78745
78585
75882
74381
73913
74515
75602
76695
77814
78965
79870
78345
75951
74805
74280
74557
75533
76596
77705
78800
79741
78164
75292
73979
73695
74540
75615
76715
77821
78980
79605
77530
75446
74410
74080
74660
75735
76830
77921
79040
79740
77550
75401
74535
74660
75635
76756
77884
79011
80040
79122
76658
75276
74560
74780
75765
76845
77960
79081
80115
79145
76400
75052
74754
75530
76640
77766
78926
80078
80091
77450
75735
74740
74712
75654
76745
77871
79014
80120
79456
76435
74870
74455
75021
76070
77185
78310
79455
80175
78046
75880
74825
74492
75224
76335
77470
78605
79700
79965
77326
75501
74864
75440
76520
77621
78745
79890
80710
79015
76721
75510
75035
75615
76715
77840
79006
80191
80714
78030
75890
74891
75030
76045
77160
78310
79451
80315
78775
76635
75525
75162
75704
76770
77870
79010
80156
80800
78380
76091
75034
74966
75885
76995
78140
79275
80141
78460
76145
75130
74755
75330
76406
77515
78650
79780
80371
77815
75606
74709
74775
75721
76790
77876
79021
79923
78172
75769
74636
74094
74475
75465
76541
77641
78769
79130
76460
74371
73540
73760
74790
75905
77045
78176
78865
77085
74942
73928
73566
74070
75085
76160
77270
78381
78905
76420
74317
73538
73711
74705
75780
76885
78011
78884
77411
75150
74046
73565
74129
75171
76251
77364
78505
78902
76344
74295
73510
73795
74810
75906
77030
78157
78683
76715
74721
73746
73545
74294
75336
76420
77525
78646
78809
76202
74284
73595
73985
75025
76135
77252
78374
78990
76995
74951
73979
73806
74495
75560
76625
77755
78896
78615
75755
74110
73651
74260
75305
76420
77520
78631
78679
76321
74695
74145
74221
75099
76156
77260
78370
79380
78035
75282
73959
73640
74400
75485
76581
77695
78670
77565
75225
74043
73614
74104
75150
76245
77386
78535
78965
76395
74290
73521
73760
74765
75845
76950
78075
78901
77275
74970
73915
73516
74010
75050
76130
77250
78370
79001
76620
74450
73585
73595
74506
75570
76685
77815
78750
77375
74941
73825
73316
73649
74615
75691
76805
77925
78760
77050
74636
73660
73711
74634
75706
76805
77920
78720
77000
74895
74095
73946
74605
75641
76715
77819
78921
79070
76265
74350
73716
74010
75052
76118
77205
78312
78979
77105
74991
74119
73800
74301
75371
76459
77570
78685
79051
76515
74491
73769
73930
74910
76001
77095
78220
78841
76911
75039
74215
73870
74360
75400
76496
77600
78731
79354
76800
74726
73955
74091
75049
76155
77275
78397
79344
78010
75620
74515
74166
74565
75591
76664
77765
78857
79774
77900
75255
74046
73735
74580
75656
76750
77884
79001
78660
76095
74441
73580
73586
74450
75514
76630
77745
78811
78061
75124
73676
73194
73761
74830
75920
77065
78205
78825
76796
74865
73846
73529
74265
75331
76430
77560
78656
79084
76381
74325
73450
73615
74615
75685
76791
77900
78925
77832
75368
74167
73804
74191
75204
76275
77371
78460
79355
77550
75071
74015
74030
74940
76045
77172
78324
79365
78465
75820
74440
73867
74159
75155
76235
77330
78431
79455
78081
75484
74330
74146
74960
76030
77120
78235
79340
79091
76470
74685
73807
74063
75076
76130
77240
78360
79360
78126
75340
74135
73760
74455
75521
76585
77705
78810
78790
76427
74864
74105
74015
74765
75856
76985
78110
79185
78300
75590
74201
73855
74546
75609
76685
77791
78910
79256
77004
75270
74581
74720
75585
76665
77760
78895
79996
79255
76140
74525
73985
74561
75615
76700
77811
78919
79556
77540
75625
74670
74475
75216
76301
77419
78535
79667
79945
77209
75305
74566
74949
76011
77105
78225
79325
79975
77841
75730
74800
74580
75365
76451
77540
78665
79792
80198
77706
75470
74600
74891
75966
77063
78176
79285
80195
78725
76460
75331
74885
75490
76545
77655
78786
79910
80080
77105
75217
74570
74994
76056
77164
78291
79435
80050
78105
76085
75081
74934
75696
76770
77871
79021
80173
80061
77215
75465
74736
75101
76144
77250
78386
79509
80101
77925
75865
74900
74740
75465
76531
77625
78750
79840
79360
76361
74565
73840
74175
75250
76316
77410
78511
79014
76795
74905
74171
74235
75180
76285
77411
78550
79615
78500
75545
74105
73786
74535
75610
76690
77800
78896
78575
76100
74570
74045
74116
75050
76115
77215
78325
79320
78006
75425
74385
74385
75230
76296
77385
78520
79605
79076
76445
75040
74395
74605
75625
76681
77815
78920
79840
77882
75159
74065
74041
74909
75990
77090
78211
79275
78500
75915
74556
73990
74275
75255
76325
77440
78567
79249
76915
74530
73736
73775
74735
75810
76935
78047
78939
77430
75245
74325
74155
74792
75849
76945
78065
79177
79039
76095
74175
73600
74055
75096
76175
77300
78400
79090
77170
74971
74010
73730
74266
75279
76341
77450
78547
78838
76045
74021
73270
73585
74611
75664
76751
77845
78435
76435
74555
73766
73625
74360
75415
76490
77591
78700
78800
76026
74099
73426
73830
74880
75960
77060
78171
79100
77740
75606
74594
74140
74651
75695
76812
77938
79045
79516
76880
74745
73975
74267
75264
76340
77430
78555
79470
78195
76031
74915
74497
74983
76025
77106
78245
79365
79680
77081
74945
74140
74315
75260
76325
77461
78586
79549
78420
76230
75311
74995
75435
76475
77570
78676
79810
80375
77635
75295
74255
74281
75205
76300
77415
78556
79690
79550
76775
75090
74260
74251
75136
76189
77296
78409
79531
79855
76937
74693
73755
73941
74950
76015
77120
78250
79336
78646
76179
74855
74065
74171
75131
76219
77330
78440
79520
78726
75660
74120
73670
74335
75406
76500
77625
78775
79685
78156
75660
74255
73600
73996
75010
76085
77195
78320
79365
78381
75390
73835
73010
73455
74500
75561
76650
77755
78465
76830
74662
73399
72760
73116
74110
75160
76247
77343
78315
76996
74294
72961
72505
73132
74153
75211
76285
77395
78317
77028
74600
73152
72474
72720
73700
74755
75846
76956
78069
77722
74758
73041
72425
72880
73900
74950
76010
77076
78150
77876
75534
73991
73060
72895
73655
74695
75780
76876
77990
78645
76375
74000
72721
72315
73125
74155
75205
76281
77385
78211
76619
74365
73171
72610
72940
73960
75010
76111
77201
78300
78230
75439
73635
72801
72930
73870
74920
75995
77085
78181
78690
76780
74865
73750
73281
73725
74722
75763
76875
77991
78990
77810
75010
73755
73356
74071
75134
76195
77280
78426
79175
77322
75138
74095
73741
74305
75345
76430
77530
78640
79506
77600
75085
73880
73565
74436
75520
76606
77714
78825
79127
76780
74894
73950
73830
74626
75680
76755
77850
78960
79265
76536
74455
73615
73750
74740
75821
76945
78072
79168
78695
76071
74496
73859
73845
74782
75849
76920
78025
79090
78295
75556
74145
73741
74514
75585
76681
77810
78976
79579
77590
75460
74261
73805
74390
75450
76550
77666
78816
79469
77275
74966
73900
73895
74795
75840
76975
78105
79216
78940
76596
75090
74344
74316
75235
76300
77395
78545
79591
78450
75697
74380
74044
74795
75861
76924
78020
79140
79351
77080
75705
75285
75635
76607
77714
78825
79970
81140
82306
83220
83845
85025
86260
87521
88806
90109
91445
92811
94175
95565
96970
98381
99840
101340
102857
104404
105990
107550
109137
110714
112350
114012
115724
117465
119250
121040
122881
124770
126641
128570
130526
132496
134524
136610
138800
140976
143145
145326
147575
149795
152136
154535
156950
159426
161925
164526
167245
169951
172815
175630
178461
181325
184291
187380
190561
193745
196986
200270
203627
204835
194095
179925
169791
169927
172669
168920
154120
143336
137255
136400
138351
140500
137950
130156
124425
120791
119680
121020
122850
124691
124120
118035
114056
112410
113315
115005
116736
118155
115390
111486
108917
107833
108382
109969
111640
113312
113294
108885
105750
104355
105011
106555
108175
109782
110234
107040
104450
102650
101941
102860
104370
105896
107455
108235
105115
102156
100885
101280
102707
104219
105771
107289
106600
103631
101520
100175
100435
101841
103346
104884
106401
105370
101915
99877
99349
100435
101945
103490
105076
106070
103495
100900
99191
98531
99194
100606
102085
103575
104680
102286
99260
97990
98290
99571
101045
102555
104100
103775
101231
99765
98910
98896
100025
101485
102985
104506
105135
102505
99635
98121
98446
99834
101305
102826
104310
103495
100675
98871
97825
97915
99240
100731
102270
103741
102979
99696
97600
96980
97992
99434
100915
102430
103186
100875
98810
97595
97431
98530
99985
101485
102986
103770
100856
97824
96061
96395
97770
99195
100680
102071
100840
98540
97670
98276
99710
101195
102675
104166
105735
107325
108966
110595
112250
113920
115611
117330
119075
120851
122690
124575
126456
128355
130300
132301
134375
136430
138506
140645
142835
145077
147329
149650
152021
154415
156336
148731
136939
128108
123658
123657
125515
127439
128745
124691
120255
117255
115890
116881
118635
120425
122271
123910
121890
117497
115704
116857
118629
120395
120045
115650
112321
111130
112085
113735
115417
115804
112590
109211
107285
108245
109845
111451
113071
113101
110754
109387
109379
110706
112336
114034
115764
115926
111960
109126
109055
110620
112280
113985
115706
117196
117104
117135
118846
120685
122540
124426
126310
128255
130226
130625
129041
129891
131801
133873
133691
126280
120231
116495
115570
116940
118700
120501
120245
114375
110036
107996
108579
110205
111886
113525
112145
108291
105555
103930
104025
105466
107030
108615
109275
105436
102080
100672
101279
102770
104280
105826
106716
104094
101745
100275
99876
100975
102495
104020
105581
105840
102152
99438
98162
98744
100185
101665
103166
104365
102591
100239
98751
98145
98825
100255
101721
103205
104202
101433
98406
97000
97350
98725
100186
101705
103090
102095
99877
98446
97798
98010
99261
100740
102255
103711
102910
99790
97807
97059
98160
99625
101055
102501
103460
101365
99150
97871
97085
97565
98940
100356
101820
103090
101246
98080
96185
95975
97130
98546
99995
101465
101675
99376
97590
96515
96215
97326
98755
100195
101671
101920
98750
96190
95020
95541
96925
98355
99785
101236
100990
98655
96915
96046
96260
97590
99020
100466
101880
100815
97171
94935
94270
95227
96618
98051
99510
100855
99790
97286
95680
94986
95435
96775
98190
99665
101130
100670
97481
95185
94165
94776
96181
97611
99063
100506
100570
97945
95995
94706
94320
95300
96685
98085
99531
100645
98350
95381
93660
93285
94390
95751
97145
98570
99795
98335
95961
94305
93270
93200
94371
95780
97201
98634
99737
97601
94619
93040
92880
94045
95450
96890
98336
99515
97936
95394
93831
92770
92685
93870
95266
96685
98100
99392
97788
94551
92470
91730
92585
93956
95355
96790
98171
97480
94776
93025
92024
91981
93185
94555
95960
97385
98431
96065
93230
91490
91361
92545
93885
95265
96656
96700
93155
90270
88371
87600
88456
89779
91126
92470
92335
88505
85870
84546
84860
86040
87281
88580
89295
87070
84400
83050
82441
83070
84262
85493
86761
87205
84395
82040
80725
80610
81637
82819
84040
85285
85501
83147
81148
80055
79620
80321
81485
82666
83839
84630
82731
80285
78840
78645
79675
80862
82051
83263
83785
81725
79761
78645
78210
78785
79940
81111
82300
83410
82360
79570
78022
77511
78273
79405
80575
81736
82795
81630
79270
77891
77135
77322
78334
79464
80650
81856
82125
79365
77240
76250
76486
77590
78717
79863
81016
81315
79045
77040
75870
75796
76775
77890
79036
80179
81127
79469
76520
75006
74950
75965
77070
78181
79324
80435
80096
77831
76409
75655
75920
76976
78105
79250
80415
81236
79495
76945
75480
75425
76490
77601
78725
79866
80984
80850
78686
76790
75706
75694
76670
77756
78895
80045
81095
79685
76645
74751
74225
75125
76180
77295
78436
79595
80060
78480
76690
75556
75510
76530
77620
78746
79905
80975
80110
77370
75465
74741
75520
76621
77729
78835
79961
80461
78764
76935
75885
75870
76906
78015
79135
80275
81345
80271
77245
75395
74761
75525
76615
77695
78825
79985
80520
78631
76745
75650
75721
76750
77830
78935
80075
80916
78961
76369
74880
74780
75780
76860
77976
79105
80235
80020
77920
76322
75444
75845
76935
78041
79155
80315
80920
78435
75741
74570
74820
75875
76962
78053
79202
80304
79850
77810
76510
76086
76876
78004
79140
80315
81511
81270
78115
75925
74890
75455
76516
77627
78748
79905
80680
79252
77144
75815
75680
76675
77796
78925
80075
81120
79880
76861
75200
75016
76009
77081
78190
79330
80500
80826
78744
76826
75750
75890
76945
78025
79126
80260
81335
80150
77095
75206
74725
75650
76725
77876
79005
80145
80765
78930
77076
76010
76060
77130
78255
79376
80530
81630
80415
77075
75255
74707
75534
76605
77705
78820
79975
80151
77500
75480
74550
74616
75595
76665
77775
78910
79856
78185
75295
73960
73810
74720
75801
76940
78061
79159
78695
76122
74699
74211
74609
75635
76701
77805
78940
79781
78079
75476
74055
74055
75015
76095
77181
78300
79035
77295
75020
73930
73671
74460
75545
76640
77770
78786
77865
75040
73332
72890
73600
74659
75750
76865
77810
76805
74376
73152
72748
73360
74430
75492
76599
77686
77629
74996
73145
72520
72981
74029
75105
76206
77290
77620
75575
73800
72981
72820
73620
74670
75760
76860
77841
76835
74257
73068
72815
73646
74705
75790
76900
78000
77771
75450
73945
73180
73260
74197
75274
76365
77465
78325
76720
74331
73175
72885
73780
74820
75906
76995
77975
77165
74830
73585
73026
73380
74400
75490
76601
77691
78129
75805
73695
72980
73171
74175
75242
76323
77430
78301
76740
74230
72975
72340
72880
73892
74949
76035
77115
77191
74855
73155
72275
72590
73605
74662
75729
76800
77460
75680
73725
72801
72570
73290
74330
75410
76496
77545
77136
74604
73095
72661
73266
74304
75355
76445
77516
77440
75155
73685
73207
73373
74291
75355
76445
77566
78359
76626
74126
73059
72995
73946
75020
76110
77210
78120
76835
74526
73475
73250
73900
74950
76046
77135
78175
77545
74871
73259
72756
73455
74510
75595
76705
77771
77475
75140
73661
73104
73301
74260
75332
76428
77556
78334
76606
74370
73400
73420
74371
75450
76532
77648
78600
77541
75240
74145
73735
74325
75385
76471
77585
78690
78406
75679
73951
73420
74030
75080
76165
77281
78365
78150
75790
74300
73781
74050
75020
76095
77221
78359
78696
76130
74045
73267
73610
74659
75761
76884
77990
78486
76330
74405
73695
73695
74572
75639
76755
77881
78839
77480
74721
73360
73060
73865
74907
75984
77095
78135
77372
75003
73775
73306
73890
74950
76050
77155
78251
78042
75413
73725
73015
73481
74520
75600
76725
77855
78126
75830
74110
73390
73495
74440
75536
76640
77765
78470
76626
74185
73111
72984
73865
74925
76020
77141
78070
76795
74485
73275
72821
73275
74315
75405
76500
77596
77615
75175
73495
72690
73086
74120
75180
76280
77410
77891
75805
74010
73260
73175
74010
75096
76186
77299
78300
77165
74631
73280
72855
73542
74608
75682
76775
77879
78135
75540
73766
73050
73050
73895
74970
76061
77175
78070
76645
74160
73010
72696
73435
74495
75565
76685
77755
77216
74815
73495
73015
73186
74130
75185
76235
77335
78240
76986
74667
73513
73340
74186
75240
76340
77475
78547
77788
75436
74215
73785
74106
75085
76165
77285
78390
78822
76558
74375
73521
73455
74340
75415
76520
77611
78520
77155
75006
74059
73661
74135
75165
76270
77400
78506
78200
75550
73900
73240
73811
74845
75915
77026
78174
78916
77125
74930
73835
73556
74249
75301
76410
77515
78621
78789
76321
74390
73565
73820
74811
75875
76955
78060
78940
77705
75571
74465
74000
74620
75685
76781
77915
79030
79045
76415
74580
73911
74375
75430
76550
77675
78771
79280
77125
75295
74236
73885
74605
75660
76770
77865
78955
78891
76285
74455
73575
73956
75007
76078
77190
78320
79346
78485
75955
74195
73285
73491
74515
75595
76716
77829
78900
78076
75111
73454
72500
72780
73811
74891
75985
77089
78130
77386
75045
73765
73135
73275
74215
75267
76359
77475
78490
77360
74696
73265
72680
73315
74360
75447
76524
77620
78195
76162
74033
73121
72815
73515
74575
75655
76766
77881
78629
76560
74195
73061
72795
73645
74695
75785
76850
77927
77814
75425
73922
73178
73336
74240
75286
76364
77460
78516
77960
75185
73580
72985
73526
74575
75630
76735
77840
78945
78486
75910
74280
73352
73128
73896
74975
76090
77200
78325
78516
75935
73895
72805
72685
73601
74650
75745
76830
77910
77586
75225
73810
73152
73033
73861
74925
76015
77130
78245
78526
76010
73985
72920
72820
73725
74806
75895
77010
78120
78030
75546
73955
73075
72796
73530
74575
75670
76780
77900
78625
76650
74243
72843
72595
73435
74501
75590
76695
77820
78120
75895
74121
73220
72970
73685
74725
75803
76908
77990
78515
75990
73750
72627
72454
73360
74425
75505
76601
77700
78690
77595
75290
73861
72935
72966
73914
74970
76071
77145
78245
78385
75650
73616
72611
72714
73716
74789
75875
76976
78070
78325
76210
74577
73759
73640
74400
75450
76540
77636
78760
79360
76995
74630
73416
73315
74270
75320
76407
77540
78659
78570
76040
74410
73590
73747
74669
75741
76824
77955
79091
79415
76840
74720
73692
73814
74825
75890
76987
78083
79205
79326
77135
75490
74595
74366
75105
76175
77275
78375
79485
79796
77185
75105
73965
74145
75151
76230
77335
78450
79581
79380
76855
75070
73905
73830
74701
75765
76860
77975
79025
78250
75741
74165
73545
74295
75351
76445
77570
78700
79570
78251
76260
74980
74485
75290
76375
77466
78595
79730
79625
76582
74404
73305
73640
74695
75790
76911
78045
79115
78620
76255
74851
74090
74415
75455
76555
77691
78825
79705
77970
75365
73985
73606
74265
75355
76455
77555
78666
79370
77725
75850
74785
74401
74950
76005
77115
78250
79350
80117
78256
75989
74724
74456
75290
76405
77540
78660
79796
80235
78156
76244
75355
75201
76075
77180
78305
79462
80578
79736
76695
75185
74601
75104
76161
77260
78385
79515
80192
78354
76410
75365
75242
76000
77084
78215
79365
80485
79930
77026
75475
74826
75339
76415
77526
78670
79775
80460
78585
76700
75936
75790
76656
77759
78885
80046
81061
79729
76820
75291
74830
75505
76590
77710
78842
79950
79880
77679
76155
75441
75575
76565
77660
78782
79929
80820
79055
76491
75279
75171
76105
77190
78296
79439
80525
80076
77595
76305
75870
76190
77222
78319
79450
80585
80675
77686
75685
74955
75295
76330
77416
78535
79670
80265
78235
76206
75350
75246
76020
77129
78270
79396
80490
79685
76735
75066
74490
75130
76210
77295
78405
79521
79780
77347
75593
74865
74886
75840
76955
78080
79205
80126
78410
75860
74695
74455
75281
76385
77480
78610
79741
79665
77060
75450
74760
74880
75862
76944
78042
79173
80065
78276
75630
74375
74100
74930
75990
77076
78200
79335
79640
77406
75550
74585
74410
75290
76371
77495
78635
79770
79655
76935
74961
73865
74116
75149
76250
77371
78495
79610
79806
77495
75580
74490
74145
74822
75883
77000
78137
79259
79935
77980
75816
74535
74280
75155
76236
77324
78422
79549
80380
78695
76381
75025
74206
74274
75220
76290
77381
78500
79445
78180
75555
74096
73580
74265
75330
76425
77510
78606
79625
78775
76525
74985
74096
74350
75355
76426
77531
78674
79775
79160
76205
74566
73995
74570
75655
76745
77871
78990
80110
80035
77520
75735
74546
74325
75170
76260
77365
78475
79596
80115
77885
75530
74346
74245
75195
76235
77325
78421
79540
79965
77810
75885
74796
74450
75190
76260
77355
78471
79590
80205
78010
75700
74481
74475
75470
76545
77665
78795
79926
79935
77505
75710
74820
74607
75354
76435
77530
78685
79830
80501
78210
75695
74545
74546
75560
76640
77745
78855
79981
79725
77170
75580
74760
74660
75521
76585
77685
78820
79950
79711
76965
75261
74654
75305
76406
77520
78680
79845
80766
79141
76519
75165
74660
75125
76171
77230
78320
79445
80255
78311
75645
74345
74200
75115
76181
77266
78374
79480
79211
76595
75230
74521
74614
75540
76615
77701
78825
79865
78687
75878
74473
74078
74786
75859
76965
78076
79230
79880
77860
75855
74936
74680
75460
76570
77680
78806
79930
80170
77345
75095
74221
74540
75575
76640
77755
78895
79896
78725
76275
75035
74605
75141
76230
77350
78490
79630
80336
78280
76100
75190
75300
76291
77375
78512
79678
80816
80320
77756
76404
75820
75840
76766
77890
79015
80155
80955
78891
76205
74975
74876
75849
76951
78090
79250
80355
79860
77321
75830
75230
75580
76595
77696
78830
79980
80920
79355
76650
75342
75179
76085
77210
78340
79476
80600
81010
78695
76610
75431
75105
75790
76875
77960
79093
80233
80660
78190
76041
75070
75230
76255
77340
78465
79611
80745
80630
78045
76210
75296
75175
75945
77035
78165
79346
80480
80405
77360
75405
74486
74805
75855
76952
78083
79206
80170
78695
76126
74704
73926
74175
75200
76305
77415
78555
79606
78505
75560
74006
73546
74304
75360
76455
77575
78725
79501
77765
75580
74435
73970
74556
75600
76690
77790
78930
79466
77245
74936
73914
73995
75000
76051
77165
78245
79365
79585
77091
75302
74458
74395
75192
76254
77345
78465
79586
79589
76961
75065
74105
74455
75502
76604
77706
78839
79860
78820
76581
75435
74905
75121
76099
77212
78369
79535
80355
78145
75596
74475
74440
75410
76500
77611
78730
79840
80010
77605
75770
74866
74725
75506
76569
77656
78780
79880
79455
76626
75130
74650
75085
76140
77235
78365
79501
80310
78402
76058
74970
74621
75260
76335
77411
78529
79660
79571
76695
74965
74355
74665
75676
76745
77860
79005
79610
77501
75435
74440
74195
74805
75862
76984
78105
79230
79622
77044
75155
74430
74640
75635
76671
77785
78920
79915
78895
76291
75075
74650
75100
76157
77228
78346
79470
79945
77320
75087
74330
74659
75700
76782
77883
79001
79920
78721
76439
75255
74831
75395
76470
77575
78707
79855
80304
77856
75654
74540
74501
75495
76605
77715
78865
79980
79503
76933
75505
74850
74950
75881
76980
78095
79226
80164
78621
75975
74720
74197
74954
76030
77125
78235
79360
79686
77520
75785
75026
74944
75760
76836
77950
79085
80160
79480
76751
75390
75050
75815
76905
78012
79154
80315
80440
78050
76231
75516
75464
76270
77350
78466
79595
80520
78885
76165
74916
74665
75460
76535
77660
78786
79885
79456
77014
75640
75096
75400
76435
77515
78655
79776
80365
78065
75785
74750
74840
75816
76935
78075
79230
80251
79435
77245
76042
75548
75955
76996
78100
79225
80360
80370
77486
75520
74785
75137
76208
77291
78395
79530
79820
77265
75346
74715
74665
75562
76653
77771
78915
80000
79200
76395
74821
74440
75210
76286
77399
78536
79671
80324
78350
76335
75405
75036
75705
76801
77934
79075
80226
80395
77790
75735
74900
75406
76490
77600
78740
79885
80751
79115
76885
75805
75582
76264
77365
78490
79675
80855
81241
78701
76604
75765
76100
77185
78311
79485
80647
81478
79651
77335
76230
75765
76345
77435
78541
79680
80810
80695
77995
76276
75650
76160
77265
78380
79506
80645
81431
79529
77366
76366
76089
76770
77880
79005
80173
81123
79615
76905
75685
75591
76540
77640
78760
79900
80966
80175
77690
76376
75859
76296
77335
78445
79576
80690
80860
78055
76015
75120
75331
76345
77450
78556
79690
80621
79144
76750
75665
75210
75770
76851
77955
79095
80210
79835
76882
75024
74365
74900
75955
77045
78166
79290
79630
77240
75216
74385
74415
75370
76466
77575
78695
79620
78200
75590
74206
74065
74925
76027
77123
78265
79431
80005
77965
76025
74960
74606
75310
76400
77520
78656
79785
80170
77440
75200
74285
74496
75545
76645
77745
78875
79906
78875
76205
74800
74120
74417
75414
76466
77546
78643
79565
77871
75200
74090
73810
74685
75771
76870
77995
79080
78700
76161
74615
73975
74201
75214
76317
77445
78559
79360
77280
74701
73605
73565
74435
75485
76575
77666
78695
77910
75275
73800
73416
73945
74995
76080
77191
78270
78405
75780
73960
73296
73729
74776
75850
76935
78030
78956
77585
75205
73955
73545
74100
75126
76225
77335
78435
78475
75811
74001
73384
73762
74788
75856
76920
78040
78560
76400
74506
73770
73735
74540
75595
76675
77771
78825
78052
75378
73931
73650
74440
75496
76599
77716
78815
79025
76635
74835
74080
74261
75255
76345
77471
78604
79556
77920
75285
74265
74245
75145
76231
77325
78430
79406
78300
75690
74360
73960
74680
75760
76831
77931
79014
78600
75806
74315
74035
74715
75785
76875
77985
79111
79240
76865
75090
74345
74386
75285
76355
77465
78585
79411
77625
75135
74020
73917
74794
75860
76970
78080
79125
78321
75955
74605
74160
74640
75671
76770
77892
79018
79670
77571
75381
74425
74544
75515
76615
77716
78820
79945
79595
76760
75136
74285
74267
75189
76274
77386
78530
79675
79430
76480
74671
73935
74361
75409
76500
77616
78750
79725
78455
76017
74819
74455
75045
76095
77160
78290
79411
79890
77410
75350
74557
74929
76005
77125
78250
79391
80405
79115
76565
75205
74800
75376
76430
77530
78680
79816
79890
77175
75391
74799
75360
76416
77510
78655
79790
80500
78346
76000
74835
74480
75180
76236
77315
78455
79615
80165
77677
75229
73905
73845
74795
75866
76955
78070
79185
79255
76686
74816
73606
73188
73940
75015
76096
77200
78315
78915
76557
74184
72840
72470
73350
74425
75506
76580
77690
78615
77051
74435
72975
72130
72280
73295
74336
75430
76515
77600
77570
74705
72471
71270
71232
72218
73275
74366
75430
76495
77440
76135
73707
72254
71295
71221
72165
73194
74266
75335
76430
77307
75623
73046
71590
70905
71510
72550
73605
74686
75755
76830
76915
74265
72301
71160
70727
71538
72565
73626
74685
75766
76839
76345
73425
71561
70570
70865
71892
72949
73995
75050
76125
76870
75235
73036
71635
71105
71685
72710
73740
74791
75861
76954
76925
74235
72251
71380
71656
72659
73695
74755
75796
76865
77725
75870
73495
72391
72170
72850
73905
74965
76042
77159
78150
76635
73740
72245
71821
72465
73515
74580
75641
76725
77720
76670
74022
72423
71711
71930
72895
73935
75005
76101
77170
77555
74695
72475
71542
71654
72625
73675
74740
75835
76911
77661
75494
73000
72005
71940
72737
73774
74840
75930
77040
78142
77460
74174
72432
71698
72111
73136
74209
75295
76410
77510
77391
74455
72576
71784
71896
72845
73900
74975
76065
77181
78025
75885
73270
72170
72060
72915
73986
75070
76140
77225
78101
76130
73590
72655
72435
73092
74129
75210
76320
77441
78494
77146
74155
72770
72505
73245
74301
75350
76440
77545
78445
76626
74050
72995
72780
73545
74602
75679
76755
77865
78745
76745
73932
72709
72495
73405
74470
75546
76645
77750
77830
75075
73416
72815
72885
73796
74824
75911
77005
78110
78582
76028
73945
72916
73025
73995
75025
76125
77252
78369
78685
75995
74065
73426
73545
74465
75525
76635
77740
78891
79075
76140
74150
73350
73546
74570
75660
76765
77905
78966
77825
75075
73890
73420
73866
74915
76010
77145
78325
79226
77430
74860
73575
73410
74280
75336
76425
77555
78700
79200
76586
74455
73695
73705
74587
75669
76770
77916
79049
78590
75557
73764
73225
73852
74928
76000
77111
78220
79087
77238
74746
73725
73510
74110
75165
76237
77344
78485
79031
76494
74085
73001
73115
74090
75135
76205
77306
78405
78565
76075
74255
73306
73230
74080
75135
76235
77370
78513
79189
76899
74525
73465
73486
74460
75555
76685
77821
78965
78845
76010
74300
73610
73610
74531
75595
76685
77820
78945
78701
75685
73855
73105
73465
74496
75560
76655
77750
78735
77521
75011
73809
73361
73819
74846
75920
76996
78099
78965
77181
74545
73307
73123
73990
75056
76120
77210
78330
78345
75780
74086
73305
73270
74180
75230
76326
77420
78520
78610
75615
73591
72865
73150
74150
75215
76285
77366
78456
77764
75076
73670
73015
73170
74130
75180
76245
77341
78440
78140
75150
73360
72706
73235
74265
75310
76402
77495
78524
77585
74910
73507
72864
72996
73929
74980
76070
77197
78306
78013
75100
73490
72945
73426
74470
75525
76620
77710
78655
77396
74980
73910
73600
74045
75076
76135
77245
78360
79230
77231
74645
73690
73682
74594
75665
76755
77865
78961
78804
76246
74705
74135
74281
75224
76310
77441
78585
79655
78425
75397
73919
73510
74182
75249
76335
77445
78575
78925
76530
74660
73766
73710
74585
75635
76735
77845
78956
78961
76409
74540
73741
74075
75120
76200
77295
78410
79311
77815
75480
74490
74155
74726
75775
76855
77985
79110
79856
77620
75155
74165
74157
75109
76205
77326
78474
79580
78936
76300
74840
74305
74730
75780
76846
77950
79060
79750
77515
74991
73750
73701
74664
75731
76825
77945
78981
78159
75650
74336
73790
74235
75275
76387
77500
78624
79470
77607
75103
74056
74125
75135
76195
77282
78413
79471
78545
76015
74670
73985
74231
75185
76255
77360
78485
79276
77525
75050
74125
74200
75166
76256
77389
78530
79632
79129
76605
75165
74492
74628
75590
76706
77815
78951
79964
78616
75845
74640
74425
75275
76350
77431
78520
79640
79565
76866
75121
74284
74355
75245
76345
77471
78615
79705
79110
76232
74514
73895
74505
75550
76627
77729
78850
79630
77746
75584
74621
74440
75241
76334
77445
78581
79700
79695
76940
75000
74275
74756
75830
76945
78065
79195
79851
77835
75560
74615
74450
75217
76284
77360
78475
79586
79460
76695
74840
74301
74859
75926
77020
78150
79291
79979
78101
76035
74935
74480
75140
76240
77338
78453
79580
79760
77046
75160
74450
74930
76015
77125
78256
79385
80095
78167
76073
75081
74845
75580
76637
77733
78846
79950
79605
76575
74810
74166
74755
75820
76915
78035
79156
79855
77890
75725
74585
74195
74861
75915
76990
78117
79248
79716
77185
75055
74082
74073
75041
76120
77230
78340
79390
78776
76451
75089
74477
74848
75916
77030
78150
79250
80010
77831
75200
73980
73810
74765
75840
76941
78055
78955
77485
75016
73690
73075
73640
74680
75760
76866
77955
77996
75339
73481
72955
73532
74583
75665
76782
77894
78480
76490
74735
74035
73976
74830
75905
76980
78075
79150
78686
76016
74324
73787
74494
75570
76660
77760
78885
79680
77883
75808
74780
74475
75205
76290
77381
78490
79610
79475
76730
74991
74350
74840
75905
77005
78131
79270
80062
78193
75891
74790
74595
75365
76445
77546
78665
79775
79705
76860
75015
74286
74750
75825
76927
78048
79206
79976
78054
75860
74762
74419
75110
76180
77295
78460
79601
79695
76931
75084
74400
74906
75975
77091
78214
79340
80126
78320
76202
75209
74834
75501
76575
77680
78820
79940
79856
76970
75096
74320
74624
75645
76751
77880
79010
79850
78320
76311
75420
75230
75921
76984
78081
79205
80332
80123
77145
75456
74855
75400
76500
77627
78783
79926
80265
77976
76056
75189
75045
75895
76985
78115
79270
80231
78805
76335
75090
74890
75786
76870
77975
79117
80273
81271
80990
80540
80715
81405
82536
83755
84990
86250
87501
88275
87380
86730
86935
88056
89350
90685
92050
93402
94134
93160
92475
92102
92534
93805
95185
96605
98056
98790
97062
95588
95166
96115
97550
99010
100486
101860
101085
98975
97822
97289
97800
99236
100720
102230
103675
102661
99920
98325
98016
99064
100526
102025
103560
104446
102365
100350
99015
98295
99001
100420
101900
103371
102950
99670
97205
96121
96725
98132
99573
101061
101445
98696
96389
95006
94285
95125
96475
97881
99285
99772
97118
94821
93675
94065
95402
96803
98246
99615
98630
96045
94636
93765
94135
95480
96881
98335
99780
99410
96347
94389
93926
95029
96407
97799
99245
100240
98341
96155
94957
94383
95166
96525
97930
99375
100391
98195
95400
93891
93970
95280
96686
98129
99591
99941
97479
95660
94466
93915
94680
96050
97466
98890
99910
97830
95331
93941
94069
95360
96776
98210
99660
99440
97036
95410
94455
94552
95829
97251
98669
100070
99405
96111
93795
92960
93785
95161
96570
98010
98925
97001
95000
93965
93640
94521
95935
97360
98775
99756
97290
94435
92885
92766
93960
95300
96695
98095
98301
95860
94125
93105
92996
94115
95485
96885
98301
98535
96055
93900
92911
93581
94959
96385
97817
99145
98119
95687
94234
93405
93716
95064
96496
97910
99300
98665
95826
93750
93120
94175
95551
96935
98360
99440
97610
95461
94140
93567
94363
95781
97230
98682
99768
97756
94895
93215
93141
94395
95760
97185
98620
98756
96215
94377
93398
93170
94266
95650
97075
98515
99187
96374
93735
92390
92652
93989
95370
96740
98131
97990
95275
93221
92045
92132
93383
94760
96166
97590
97700
94730
92197
90984
91525
92835
94201
95600
97000
96750
94161
92370
91355
91360
92580
93931
95332
96738
97350
94546
91976
90839
91350
92656
94037
95438
96802
96110
93659
91940
90980
91395
92711
94100
95502
96775
95339
92306
90419
89915
90871
92225
93595
95000
96301
95105
92495
90760
89895
90161
91380
92735
94115
95502
95694
93200
91010
89911
90235
91515
92875
94226
95615
96305
94190
92321
91010
90350
90965
92295
93686
95090
96025
93712
90884
89280
88965
90060
91415
92786
94190
95255
93605
91246
90010
89125
89145
90336
91671
93036
94383
94351
91715
89565
88510
88860
90086
91400
92742
94108
94267
91834
90160
89300
89057
89999
91305
92660
94050
95171
93405
90611
88934
88666
89745
91050
92370
93700
94806
93395
91170
89972
89394
89935
91212
92514
93880
95260
94845
91920
89751
88870
89625
90940
92290
93691
94995
94180
91711
90235
89145
88995
90130
91450
92796
94155
94025
91361
89375
88530
89265
90530
91831
93185
94391
93204
90851
89531
88939
89515
90770
92111
93485
94675
93280
90391
88600
88135
89085
90389
91712
93050
94100
92440
90216
88985
88385
88946
90220
91566
92909
94195
93341
90415
88560
87801
88630
89940
91255
92580
93885
93257
90894
89420
88785
89001
90195
91510
92865
94210
94271
91360
89250
88365
88846
90140
91495
92840
94171
94105
91620
90090
89245
89246
90380
91675
93036
94400
94690
91627
89213
88036
88465
89720
91036
92380
93716
93504
90951
89299
88341
88430
89605
90910
92226
93566
93865
91269
89091
87895
88185
89450
90745
92066
93405
93326
90799
89056
88115
87950
88926
90204
91541
92880
93415
90841
88325
86960
87145
88350
89626
90910
92235
92315
89915
88366
87575
87520
88540
89826
91150
92500
93296
90731
88134
86725
86860
88040
89306
90615
91962
92199
89794
87961
86985
86830
87845
89146
90470
91790
92460
89871
87420
86295
86540
87760
89056
90355
91680
91980
89565
87686
86795
86530
87431
88735
90055
91375
92485
90746
88025
86625
86400
87501
88805
90115
91430
92245
90221
88090
87090
86705
87355
88571
89860
91180
92420
91426
88505
86715
86215
87121
88380
89670
90970
92216
91480
88991
87630
86959
87106
88235
89535
90820
92157
92394
89555
87230
86110
86381
87590
88850
90145
91466
91960
89775
87785
86775
86536
87500
88810
90125
91475
92621
91070
88365
86875
86741
87845
89125
90442
91799
92845
91100
88726
87486
86949
87735
88990
90285
91601
92915
92185
88925
86931
86300
87225
88505
89801
91131
91704
88310
85095
83371
82595
83310
84515
85755
86971
87220
84000
81440
80055
80071
81155
82336
83549
84696
83815
80910
79305
78490
78827
79930
81094
82265
83315
82061
79135
77390
76775
77520
78631
79755
80905
81725
80020
77761
76600
76310
77145
78240
79390
80542
81164
78890
76377
75129
75176
76179
77270
78380
79496
79580
77261
75314
74540
74735
75771
76865
77975
79065
79080
76741
74625
73892
74423
75485
76586
77680
78755
78575
76215
74506
73695
74015
75045
76120
77230
78336
78670
76510
74515
73850
74461
75515
76571
77699
78817
79269
77331
75344
74170
74046
74910
76000
77105
78210
79150
77675
74881
73450
73310
74240
75300
76396
77505
78140
76400
74175
73176
73150
74070
75110
76167
77239
78120
76675
74045
72886
72885
73800
74845
75930
77062
78024
76941
74619
73445
73360
74146
75180
76250
77345
78405
77650
74866
73356
73029
73790
74842
75925
77039
78105
77895
75595
74055
73531
74105
75141
76249
77380
78491
78425
75920
74265
73801
74480
75560
76650
77775
78910
79311
77210
75310
74425
74515
75511
76606
77734
78840
79645
77851
75545
74385
74400
75346
76420
77510
78650
79650
78581
76150
74850
74521
75196
76283
77380
78501
79560
78865
76022
74445
74139
74980
76055
77156
78291
79284
78510
76365
75220
74895
75611
76685
77770
78920
79980
79016
76100
74626
74399
75250
76296
77410
78530
79450
78265
76051
75005
74865
75580
76625
77726
78855
79915
79040
76160
74686
74405
75145
76245
77370
78500
79581
79220
76915
75350
74771
75195
76245
77315
78400
79500
79476
76800
75080
74670
75317
76373
77461
78615
79675
79185
76971
75665
75471
76219
77330
78471
79605
80640
79530
76810
75391
75275
76200
77305
78415
79561
80460
79290
77080
76005
75801
76550
77620
78736
79869
80725
78626
76115
75175
75292
76303
77411
78540
79680
80290
78385
76316
75365
75336
76264
77375
78506
79670
80525
78540
76060
75061
75275
76285
77360
78451
79569
79531
77180
75550
75160
75586
76625
77737
78878
80000
79807
77034
75405
75180
76000
77100
78212
79339
80320
79150
76485
75176
75005
75770
76865
77970
79101
80135
79045
76145
74765
74581
75450
76520
77630
78785
79726
78550
76250
75105
74815
75440
76496
77605
78740
79782
78748
75946
74440
74245
75115
76175
77276
78395
79370
78525
76215
74966
74545
75080
76135
77230
78336
79430
79030
76246
74774
74511
75235
76310
77436
78569
79581
78780
76540
75430
75015
75571
76641
77724
78820
79877
79288
76436
74830
74485
75230
76291
77375
78490
79440
78340
76106
75070
74840
75560
76660
77767
78879
79885
78710
75885
74495
74286
75145
76220
77355
78470
79426
78246
75964
75010
74965
75776
76845
77962
79089
80119
78996
76215
74760
74650
75575
76676
77775
78922
79884
78689
76506
75445
75435
76210
77292
78423
79571
80580
79192
76478
75125
74991
75905
76980
78090
79215
80111
78575
76215
75325
75270
76066
77150
78275
79431
80469
79222
76574
75455
75540
76547
77614
78735
79845
80305
78235
76391
75650
75680
76605
77670
78801
79930
80540
78480
76135
75051
75225
76300
77410
78535
79656
80050
77930
76280
75585
75785
76811
77905
79005
80140
80436
77935
75820
75180
75745
76815
77947
79075
80189
79890
77415
75891
75310
75681
76714
77805
78931
80060
79960
77350
75665
75396
76210
77310
78435
79556
80450
79175
76775
75830
75720
76506
77620
78765
79905
80905
79691
77010
75730
75780
76770
77852
78964
80115
80875
79145
77026
76115
76020
76930
78065
79210
80371
80970
78810
76461
75569
75926
76990
78100
79235
80380
80796
78550
76740
76095
76361
77410
78532
79683
80826
80944
78331
76301
75704
76330
77427
78544
79715
80810
80480
77977
76489
75905
76445
77510
78635
79776
80875
80385
77640
76092
75594
76220
77300
78430
79570
80596
79565
77180
75970
75660
76386
77480
78595
79741
80699
79390
76696
75500
75490
76435
77527
78644
79795
80610
79115
76961
75945
75835
76690
77755
78881
80010
80741
78729
76245
75326
75725
76795
77905
79045
80206
80751
78614
76560
75600
75710
76666
77765
78880
80020
80570
78226
75895
75105
75515
76565
77656
78795
79950
80157
77783
76006
75340
75565
76616
77734
78856
80015
80195
77610
75640
75066
75705
76811
77909
79050
80147
79900
77629
76155
75480
75761
76790
77890
79030
80150
80076
77445
75830
75370
76141
77225
78340
79470
80600
80305
77870
76251
75485
75780
76827
77938
79071
80170
80305
77840
76026
75485
76175
77275
78375
79520
80631
80275
77920
76447
75909
76365
77445
78560
79695
80805
80566
77790
75871
75359
76131
77210
78305
79450
80535
79700
77216
76036
75799
76435
77535
78616
79735
80775
79822
76963
75436
75215
76110
77200
78320
79466
80345
78900
76550
75330
75035
75797
76884
77965
79075
80105
79246
76481
75069
74945
75880
76951
78065
79225
80290
79535
77026
75635
75075
75521
76596
77699
78820
79942
80033
77317
75249
74605
75275
76362
77450
78584
79725
79980
77775
76045
75166
75405
76430
77520
78640
79770
80606
78750
76325
75255
75225
76161
77280
78390
79517
80419
79065
76785
75680
75460
76236
77326
78464
79605
80672
79708
76946
75435
75145
75920
77020
78141
79280
80280
79295
76942
75614
75150
75710
76795
77920
79056
80101
79184
76542
75179
74950
75830
76915
78020
79145
79836
77990
75755
74635
74351
75195
76270
77380
78475
79200
77461
75090
74020
74105
75090
76166
77265
78370
78975
77295
75376
74360
74036
74859
75935
77042
78134
78930
77300
74780
73695
73696
74690
75750
76865
77960
78986
78290
76206
74739
74050
74231
75160
76236
77324
78430
79206
77421
75046
73833
73670
74575
75641
76731
77829
78860
77916
75575
74115
73480
73755
74740
75806
76905
78005
78985
77726
75324
74106
73850
74700
75795
76900
78051
79190
79045
76825
75280
74361
74195
74981
76079
77200
78321
79360
78510
75990
74575
73986
74675
75745
76845
77976
79109
79566
77625
75695
74660
74621
75475
76550
77660
78800
79870
79161
76530
74925
74450
75190
76266
77356
78474
79580
79635
77276
75530
74850
74901
75784
76866
77970
79110
80080
78635
75926
74675
74635
75590
76685
77786
78915
79975
79400
77125
75695
75261
75537
76528
77610
78725
79851
80570
78375
75860
74705
74701
75660
76750
77900
79066
80140
79257
76888
75490
74940
75301
76310
77425
78556
79694
80401
78115
75661
74689
74781
75735
76845
77965
79090
80135
79332
76874
75415
74905
75195
76185
77256
78365
79455
80205
78097
75714
74570
74517
75483
76576
77710
78845
79800
78675
76550
75486
75165
75670
76730
77830
78961
80106
80294
77735
75912
75139
75475
76532
77633
78765
79896
80550
78690
76690
75706
75480
76200
77295
78400
79537
80540
79259
76650
75490
75320
76201
77320
78465
79660
80792
80139
77665
76225
75605
75990
77066
78170
79321
80449
80900
78445
76121
75230
75675
76755
77880
79006
80150
80615
78725
76867
75794
75675
76500
77575
78675
79796
80605
78725
76315
75170
75106
76065
77145
78280
79420
80131
78455
76530
75610
75465
76286
77380
78490
79650
80535
78806
76290
75210
75275
76240
77326
78440
79560
80401
79179
77201
76020
75530
76125
77185
78271
79405
80485
79880
77255
75716
75210
75855
76917
78018
79175
80311
80220
77860
76285
75670
75741
76695
77810
78935
80070
80636
78425
76200
75215
75430
76501
77615
78742
79894
80569
78781
76645
75601
75344
76155
77251
78370
79500
80520
79465
76796
75290
75035
75910
76975
78105
79236
80335
79940
77425
75817
75184
75645
76685
77775
78901
80030
80150
77650
75720
74866
75175
76230
77335
78480
79616
79845
77572
75868
75207
75284
76220
77300
78425
79575
80106
77715
75470
74690
74900
75925
77046
78180
79325
80140
78710
76691
75765
75555
76375
77462
78539
79675
80630
79365
76880
75716
75635
76565
77675
78815
79985
81061
80235
77750
76245
75676
76020
77056
78134
79292
80383
79651
76805
75185
74550
75116
76175
77275
78390
79460
78991
76490
74930
74420
74781
75819
76901
78010
79110
78855
76070
74216
73660
74275
75345
76455
77591
78635
78225
75855
74330
73671
74020
75000
76070
77165
78235
77941
75145
73250
72705
73295
74341
75421
76524
77570
77125
74801
73465
73005
73425
74450
75522
76589
77682
78113
75720
73481
72565
72981
74009
75080
76160
77276
78032
76438
74440
73475
73321
74035
75070
76150
77250
78236
77245
74720
73392
73308
74195
75271
76371
77469
78540
78145
75962
74514
73900
74115
75072
76174
77281
78379
78976
76795
74595
73855
74215
75250
76312
77404
78515
79300
77745
75825
74801
74385
74990
76040
77150
78265
79371
79075
76430
74745
74175
74836
75915
77025
78160
79300
79411
77070
75100
74205
74320
75257
76334
77455
78575
79266
77250
74965
74032
74188
75165
76255
77356
78470
79390
78140
75890
74711
74425
75170
76235
77305
78441
79435
78410
75855
74450
74211
75065
76125
77206
78311
79324
78525
76420
75170
74660
75106
76110
77180
78285
79410
79580
77126
75245
74476
74989
76055
77166
78315
79486
80114
78180
75956
74700
74555
75450
76546
77645
78760
79840
79207
76413
74931
74465
75185
76235
77336
78455
79595
80245
78280
76240
74956
74695
75480
76560
77660
78776
79855
78880
75860
74402
73978
74731
75810
76910
77995
79086
79740
77965
75952
74813
74480
75271
76350
77440
78585
79710
79672
76919
75015
74355
74870
75921
77010
78110
79217
79458
77271
75450
74720
74790
75746
76825
77955
79080
80017
78563
76135
74906
74565
75455
76520
77630
78751
79865
79490
77020
75440
74786
74965
75965
77045
78157
79259
79915
77800
75545
74630
74856
75861
76939
78076
79224
80221
79065
76710
75295
74621
74985
76015
77125
78240
79345
79826
77275
75135
74270
74490
75506
76585
77700
78810
79620
77970
75821
74751
74574
75345
76441
77550
78665
79710
79020
76355
75076
74800
75445
76515
77615
78756
79905
80045
77730
76050
75302
75245
76104
77195
78325
79476
80375
78675
76232
75199
75081
75989
77070
78170
79280
80311
79310
76675
75215
74610
75210
76277
77349
78490
79585
79415
76766
75020
74475
75045
76110
77186
78310
79435
79676
77505
75785
75040
75260
76320
77410
78541
79685
80115
77801
75559
74606
74790
75800
76890
77980
79092
79910
78286
76253
75270
75105
75921
77010
78140
79280
80285
79126
76465
75010
74640
75460
76536
77650
78790
79925
79901
77490
75920
75220
75435
76455
77581
78756
79909
80360
78161
76035
75025
75280
76320
77405
78526
79645
80165
78205
76325
75426
75320
76180
77310
78430
79586
80535
79195
76650
75375
75210
76091
77185
78300
79436
80469
79646
77450
76155
75595
75882
76889
78000
79140
80265
80075
77596
75870
75005
75355
76415
77536
78695
79870
79825
77375
75741
75095
75180
76095
77186
78300
79440
80245
78645
76366
75151
74939
75880
76966
78084
79226
80360
80132
77688
75995
75071
75335
76325
77425
78567
79699
80670
79450
76900
75330
74666
75405
76510
77605
78735
79871
80500
78675
76675
75435
75166
75945
77000
78095
79195
80265
79376
76555
75060
74725
75575
76661
77780
78930
80025
79770
77336
75595
74750
75001
76054
77171
78300
79425
79940
77331
75036
74054
74295
75355
76435
77546
78655
79615
78480
76000
74716
74305
74830
75880
76965
78090
79216
79346
76554
74479
73501
73872
74909
75970
77055
78161
78935
77455
75336
73999
73365
73930
74981
76075
77165
78240
78226
75645
73750
73105
73675
74725
75762
76839
77930
78895
77785
75586
74240
73536
73744
74705
75766
76905
78055
79175
79070
76541
74490
73335
73520
74530
75595
76671
77770
78885
79606
77824
75751
74470
73955
74450
75485
76576
77700
78825
79755
78377
75959
74511
73994
74776
75860
76964
78062
79179
79555
77145
75256
74345
74212
75098
76185
77276
78400
79500
78915
76305
74635
74111
74895
75970
77075
78180
79316
80170
78610
76355
75090
74646
75135
76205
77305
78445
79561
79845
77255
75171
74336
74639
75670
76766
77889
79011
79985
78890
76472
75219
74764
75276
76355
77440
78570
79715
80111
77610
75540
74630
74900
75955
77041
78165
79290
80400
79815
77301
75802
75183
75445
76465
77582
78699
79820
80465
78116
75755
74466
74476
75488
76580
77701
78845
79940
79385
76862
75299
74445
74525
75500
76590
77701
78805
79880
79160
76485
74856
74170
74635
75700
76800
77915
79061
79885
78260
76075
74867
74334
74870
75940
77040
78145
79287
79609
77140
75051
74104
74321
75365
76450
77545
78655
79616
78405
76090
74871
74344
74656
75650
76740
77855
78980
79836
78080
75765
74460
74280
75196
76290
77405
78535
79630
79615
77166
75415
74496
74379
75255
76311
77415
78515
79560
78990
76361
74586
73819
74290
75355
76446
77570
78690
79630
78170
75775
74771
74445
75040
76130
77260
78381
79526
79524
76940
75160
74436
74895
75955
77055
78165
79302
79905
78004
75950
75025
74806
75565
76640
77745
78890
79966
78915
75965
74425
74101
74915
76000
77105
78230
79340
79170
76726
75125
74420
74595
75575
76646
77745
78865
79666
77929
75551
74405
74445
75440
76540
77646
78800
79701
78330
76219
75261
74895
75450
76501
77624
78746
79885
79710
76841
74884
74072
74559
75605
76665
77765
78890
79686
78155
76210
75185
74800
75316
76351
77444
78595
79735
80351
78060
75745
74615
74775
75776
76850
77960
79070
80005
78701
76385
75230
74830
75480
76546
77625
78750
79870
79965
77376
75525
74825
75285
76376
77505
78635
79780
80200
78130
76331
75525
75450
76350
77440
78586
79740
80715
79125
76465
75336
75275
76185
77300
78426
79565
80595
79620
77355
76145
75612
75989
77015
78125
79280
80455
80941
78540
76390
75496
75850
76900
77990
79120
80250
81070
79356
77240
76047
75598
76255
77351
78456
79589
80715
80235
77531
75975
75365
75925
76990
78106
79230
80360
80225
77790
76186
75465
75490
76455
77540
78651
79765
80505
78280
75900
74857
74904
75850
76900
78030
79161
80190
79182
76963
75806
75394
75732
76734
77815
78915
80040
80491
78055
75750
74770
75095
76151
77230
78345
79465
80185
78386
76360
75400
75146
75930
77040
78165
79280
80252
78958
76381
75175
75000
75856
76954
78076
79195
80220
79425
77000
75581
74895
75290
76345
77445
78540
79656
79895
77265
75430
74505
74806
75890
76965
78076
79199
79931
78240
76140
75115
74715
75411
76495
77606
78724
79860
79691
77085
75425
74890
75490
76567
77654
78780
79905
80017
77844
76215
75455
75355
76270
77345
78456
79595
80515
78756
76099
74901
74850
75810
76890
78027
79144
80155
79095
76600
75310
74951
75450
76525
77640
78796
79920
79860
77035
75095
74415
74986
76040
77120
78235
79365
79637
77445
75609
74925
74986
75921
76994
78102
79238
79950
78071
75900
74950
75000
75995
77096
78226
79364
80385
79435
77072
75814
75351
75799
76835
77930
79076
80206
80034
77205
75470
74821
75372
76448
77560
78721
79885
80495
78520
76432
75149
74740
75526
76569
77651
78754
79871
79476
76544
74875
74215
74796
75875
76991
78109
79242
79599
77365
75330
74475
74315
75221
76296
77410
78539
79592
78389
75515
74135
73875
74760
75840
76962
78074
79140
78590
76245
74836
74205
74595
75645
76755
77871
78980
79370
76870
74772
73968
74351
75390
76495
77640
78781
79300
77340
75420
74460
74361
75245
76315
77420
78535
79585
78566
75860
74525
74345
75210
76296
77400
78530
79540
78850
76486
75036
74459
74930
75980
77085
78192
79294
79315
76700
74875
74091
74555
75605
76695
77817
78964
79360
77225
75361
74594
74691
75630
76710
77845
78965
79751
77825
75590
74665
74795
75772
76855
77964
79090
79992
78539
76215
75005
74635
75255
76320
77436
78570
79670
79376
76815
75205
74835
75555
76650
77775
78936
80065
79930
77500
75940
75271
75525
76575
77680
78810
79936
80540
78220
75860
74810
75021
76070
77145
78260
79400
80231
78740
76500
75385
75125
75841
76920
78025
79160
80186
79130
76430
74950
74655
75470
76552
77664
78775
79860
79495
77006
75450
74785
75050
76070
77152
78265
79374
79785
77311
75195
74495
74955
76030
77120
78225
79351
79765
77640
75655
74625
74527
75419
76471
77570
78689
79686
78535
75985
74575
74185
75006
76065
77150
78245
79325
79026
76340
74565
73855
74090
75106
76200
77325
78420
78615
76195
74476
73690
74060
75090
76170
77291
78385
78625
76315
74510
73746
73740
74640
75715
76820
77931
78865
77495
75310
74295
74281
75270
76345
77445
78577
79544
78495
76315
75120
74630
75135
76206
77320
78475
79610
79590
76981
75290
74742
75383
76450
77571
78695
79810
80105
77710
75868
75028
75000
75975
77050
78166
79320
80145
78300
75975
74956
75125
76160
77305
78460
79620
80526
79076
76759
75675
75475
76271
77350
78470
79620
80600
79161
76441
75156
75033
75946
77055
78160
79310
80220
79005
76766
75645
75380
76166
77279
78421
79550
80540
79230
76460
75221
75065
75920
77000
78105
79231
80200
79000
76771
75695
75369
76001
77080
78185
79320
80355
79456
76765
75320
75055
75950
77056
78181
79299
80332
79533
77266
76020
75530
76020
77081
78180
79330
80465
80235
77485
75816
75371
76015
77079
78191
79300
80395
80350
78095
76525
75916
76180
77195
78290
79425
80556
80470
77850
76045
75460
76046
77130
78246
79359
80445
80256
77990
76565
75945
76265
77341
78445
79580
80725
80815
78171
76441
75809
76400
77490
78596
79755
80890
81030
78616
76775
75871
75996
76913
78022
79174
80320
80690
78120
76135
75421
75770
76817
77903
79020
80140
80346
78125
76240
75625
75616
76585
77705
78855
80005
80460
78076
76080
75205
75566
76625
77735
78865
80001
79959
77595
75921
75210
75390
76405
77515
78646
79760
79975
77405
75535
74976
75560
76630
77715
78856
79965
79885
77525
75855
75115
75215
76186
77295
78415
79507
79659
77165
75305
74745
75440
76527
77629
78740
79810
79405
76981
75315
74585
74855
75905
77015
78116
79235
79405
76790
74870
74311
74830
75915
77030
78155
79261
79100
76775
75215
74615
74880
75946
77040
78145
79270
79666
77085
75005
74290
74710
75781
76865
77982
79084
78869
76450
74752
74189
74380
75390
76475
77551
78635
79016
76534
74335
73506
73850
74875
75945
77010
78136
78875
77190
74955
73895
73705
74502
75564
76645
77765
78735
77327
74749
73660
73645
74550
75606
76700
77800
78805
77985
75551
74105
73620
73945
74940
76015
77101
78195
78795
76620
74530
73761
74091
75140
76224
77317
78419
78951
77039
75130
74315
74211
75075
76145
77250
78355
79261
77835
75481
74585
74659
75636
76705
77805
78930
79630
77955
75726
74730
74470
75305
76380
77486
78600
79660
78865
76170
74836
74585
75360
76425
77530
78656
79760
79357
76765
75179
74590
74947
75969
77059
78175
79276
79315
76600
74920
74490
75121
76190
77290
78425
79570
79526
77095
75350
74707
74888
75886
76980
78105
79225
79530
77155
75242
74639
75091
76149
77228
78333
79455
79755
77575
75805
75071
75170
76115
77202
78319
79440
80030
77765
75520
74680
74991
76040
77145
78290
79430
79981
77940
75945
75205
75230
76212
77304
78441
79589
80320
78271
76180
75440
75645
76650
77751
78885
80030
80655
78497
76403
75586
75535
76346
77444
78566
79686
80595
79041
76618
75565
75701
76677
77773
78896
80054
80951
79285
76915
75956
75944
76736
77810
78945
80097
80918
79061
76565
75550
75790
76810
77917
79045
80179
80800
78860
76746
75940
75910
76815
77925
79042
80164
80795
78610
76280
75391
75675
76725
77825
78945
80088
80508
78346
76419
75725
75690
76586
77665
78765
79885
80187
77709
75846
75204
75700
76765
77871
78975
80075
79975
77511
75915
75447
75798
76861
77985
79135
80275
80190
77530
75725
75216
75865
76975
78100
79201
80310
80325
77845
76195
75555
75781
76790
77880
79010
80140
80636
78360
76225
75395
75642
76665
77789
78916
80064
80525
78336
76425
75650
75670
76600
77676
78785
79921
80814
79145
76550
75216
75086
76104
77200
78330
79451
80316
78759
76405
75305
75151
75865
76940
78060
79210
80291
79675
77225
76080
76025
76972
78074
79220
80365
81445
81511
80796
80869
81505
82581
83785
84990
86220
87487
88739
89070
88575
88865
89880
91206
92545
93900
95295
96666
97040
96365
96235
96576
97775
99210
100650
102116
103450
102720
101140
100621
101380
102805
104295
105843
107408
107705
105796
104615
103960
104320
105831
107370
108955
110210
108221
105845
104852
105619
107175
108750
110330
111866
111210
108870
107400
106826
107370
108870
110491
112146
113051
110048
107306
105795
106307
107899
109535
111191
112564
110841
108465
107050
106515
107616
109255
110940
112476
110830
107455
105216
104830
106165
107750
109370
111016
111056
108344
106530
105116
104821
106126
107750
109389
110840
109301
106485
104595
104430
105840
107431
109051
110649
109876
106995
105050
103985
104126
105550
107171
108829
109896
107035
103690
101696
101645
103055
104570
106136
107075
104670
102255
100601
99735
100530
101995
103496
105030
104456
101104
98802
98124
99150
100606
102070
103540
103392
101068
99371
98430
98520
99830
101306
102785
104061
102256
99074
97340
97170
98416
99860
101350
102815
102467
100134
98665
97860
97905
99172
100614
102090
103441
101990
99200
97500
97256
98482
99923
101441
102935
102845
100425
98735
97811
97905
99230
100670
102166
103581
102484
99325
97411
97055
98256
99705
101190
102640
102710
100306
98545
97345
97372
98708
100141
101650
103100
102240
99001
96845
96340
97455
98871
100330
101785
101936
99520
97885
96900
96841
98065
99475
100955
102377
101824
98695
96630
96020
97096
98520
99975
101470
102176
100045
98106
96999
96696
97762
99169
100635
102085
102190
99350
97115
96156
97001
98426
99900
101389
102390
100375
98316
97135
96570
97230
98630
100061
101556
102729
100820
97891
96261
96106
97348
98762
100224
101685
101820
99406
97500
96305
96066
97165
98585
100055
101556
101980
99080
96580
95335
95786
97175
98600
100071
101486
100750
98224
96676
95772
95898
97155
98591
100075
101535
100865
97660
95521
94905
95911
97364
98807
100289
101375
99535
97321
96065
95445
96110
97497
98969
100435
101676
99795
96475
94640
94495
95741
97135
98560
100025
100561
98525
96905
95895
95566
96625
98070
99556
101040
101565
98390
95630
94346
94790
96160
97561
99005
100340
99210
96635
95126
94265
94645
95970
97386
98860
100245
99265
96231
94150
93800
95011
96415
97815
99255
100185
98231
96195
94935
94387
95169
96575
97990
99426
100165
97185
94605
93241
93705
95040
96415
97850
99200
98272
95829
94530
93785
94081
95395
96790
98185
99506
98195
95120
93165
92841
93940
95300
96710
98161
98835
96740
94820
93781
93605
94605
95970
97380
98801
99675
97325
94610
93201
93475
94810
96195
97596
99005
98645
96230
94706
93985
94322
95663
97081
98500
99925
99625
96672
94289
93356
94244
95632
97034
98485
99705
98271
95795
94367
93443
93800
95091
96470
97921
99360
99007
95878
93715
92557
93234
94615
95995
97395
98626
97230
94760
93460
92731
93150
94455
95835
97231
98615
97935
94620
92596
92180
93255
94610
96021
97455
98425
96505
94351
92995
92320
92975
94320
95681
97087
98393
97190
93986
92225
91891
93025
94416
95804
97222
98023
95856
93680
92555
92215
93176
94585
96005
97400
98526
96405
93480
92005
91856
93085
94460
95852
97263
97881
95610
93520
92481
92230
93240
94600
96015
97417
98369
96285
93666
91945
91850
93120
94495
95920
97316
98052
95828
93810
92746
92475
93430
94790
96196
97625
98826
96795
93782
92203
92265
93510
94866
96280
97705
98380
96141
94070
92975
92671
93664
95021
96415
97816
98345
95396
93134
92107
92788
94141
95535
96915
98275
97981
95641
93984
93010
93221
94515
95915
97340
98741
98315
95075
92905
92191
93020
94390
95761
97165
98500
97725
95290
93851
93260
93770
95095
96476
97895
99265
98350
94976
93015
92335
93220
94561
95945
97350
98595
97285
94771
93341
92719
93415
94746
96140
97590
98980
97786
94550
92530
92090
93150
94526
95915
97325
98405
96816
94710
93515
93120
93966
95362
96778
98250
99646
98290
94710
92895
92801
94031
95399
96790
98211
99650
101090
102616
104140
105695
107280
108915
110531
112191
113891
115619
117355
119170
120990
122836
124710
126626
128576
130514
132506
134540
136565
138622
140739
145095
147346
149660
152026
154490
156970
159398
161853
164401
167005
169656
172435
175286
178165
181100
184036
187055
190126
193215
196391
199630
202986
206430
209926
213540
217171
220876
224690
228641
232655
236736
240951
245206
249595
254025
258566
