716994
517254
443838
420080
422906
434071
443641
451711
452142
457661
459735
452912
385856
354640
332996
239026
191106
173300
171325
172651
155080
137250
127201
122685
123540
125496
124691
116794
109436
104620
104115
105661
107095
104275
99245
95817
94404
95230
96650
98056
98135
94550
91215
89385
89466
90745
92090
93375
92211
89046
86789
85975
86755
88056
89395
90505
88786
85315
82980
82315
83245
84456
85725
86925
86475
84155
82486
82170
83075
84295
85540
86751
86365
83465
81085
80261
80835
81975
83176
84389
85155
83416
81590
80635
80785
81816
83000
84220
85370
84645
81991
79920
79365
80070
81220
82426
83610
84315
82520
80520
79486
79545
80550
81715
82890
84086
83835
81032
78838
77896
78256
79359
80525
81715
82655
81351
79350
78325
78305
79241
80420
81610
82806
83259
80900
78641
77700
77985
79066
80209
81386
82491
81929
79910
78645
78406
79265
80415
81585
82786
83490
81485
78930
77645
77601
78636
79774
80940
82085
82086
80155
78565
77965
78535
79661
80810
82000
83085
82231
79650
77830
77367
78103
79250
80401
81560
82415
80825
78721
77620
77455
78300
79450
80620
81771
82365
80095
77525
76215
76296
77325
78430
79595
80715
80661
78717
77223
76650
77192
78254
79380
80535
81650
81335
78706
76646
75965
76589
77691
78810
79961
81019
80500
78210
76796
76260
76765
77825
78937
80089
81220
80965
78810
77161
76535
77000
78100
79215
80360
81446
80850
78630
77170
76495
76656
77610
78730
79865
81015
81206
78835
76830
75975
76200
77256
78375
79485
80587
80580
78439
76960
76410
76701
77724
78841
79995
81137
81308
78985
76946
76015
76295
77375
78480
79641
80715
80400
78520
77180
76610
76991
78022
79183
80345
81476
81160
78715
76860
76190
76791
77885
79025
80170
81250
80641
78525
77080
76520
76970
78031
79165
80320
81440
81170
78631
76690
75975
76365
77455
78566
79705
80795
80490
78515
77051
76526
77034
78100
79210
80347
81484
81640
80280
79520
79576
80555
81705
82910
84160
85401
86275
85690
85025
85105
85886
87106
88371
89658
90982
91764
90715
89460
88945
89621
90920
92270
93640
94881
94375
93100
92416
92500
93520
94890
96275
97631
97210
94790
93005
92560
93546
94925
96331
97561
96579
94720
93435
93060
93981
95345
96725
98041
96955
94160
92350
92016
93110
94490
95876
96654
94960
93026
92115
92355
93616
95000
96392
97038
94530
91911
90605
91051
92350
93700
95060
95335
93310
91611
90940
91190
92381
93739
95111
96026
93959
91365
89911
89850
91045
92400
93736
94630
92565
89890
88361
87990
88865
90175
91505
92651
90462
85803
82715
81386
82095
83290
84505
85396
82830
79035
77050
76175
76745
77881
79040
80190
80760
78120
75026
73416
73189
74145
75221
76310
77385
77095
74541
72509
71627
71754
72725
73775
74840
75901
75900
73010
70620
69450
69475
70421
71440
72466
73509
74245
72685
70531
69316
68979
69540
70535
71546
72565
73600
73610
71035
68975
67971
68035
68945
69935
70940
71961
72696
71519
69705
68585
68365
69001
69990
71005
72040
73067
73128
70841
68960
68225
68515
69445
70435
71466
72530
73225
71850
70040
69156
69075
69795
70780
71810
72845
73806
73080
70845
69460
69226
69890
70870
71885
72905
73935
74552
73829
73230
73310
73865
74815
75866
76945
78045
79165
79935
79206
78485
78415
79275
80432
81614
82800
84000
84970
84240
83121
82847
83258
84395
85630
86891
88175
88815
87410
86036
85585
86250
87495
88772
90084
91211
90539
89165
88586
88640
89671
90964
92315
93711
94140
92205
90465
89886
90685
92010
93335
94681
95000
93370
92105
91726
92300
93641
95044
96451
96955
94645
92760
92105
92906
94260
95640
97075
97771
96725
96025
96200
97311
98720
100155
101615
103107
104616
106164
107760
109336
110949
112565
114241
115940
117675
119436
121210
123045
124905
126831
128790
130781
132825
134895
136970
139091
141311
143560
145830
148135
150501
152885
155370
157902
160424
162981
165560
168242
170924
173605
176387
179304
182281
185265
188316
191450
194696
197975
201226
204520
207906
211340
214846
218455
222246
226231
230170
234126
238190
242416
246680
251086
255551
260155
264956
269871
274836
279895
285036
290281
295705
301291
