611923
482039
440167
420785
344493
312579
313966
299581
290356
293600
272647
246319
244176
248671
243870
234836
234245
236836
225086
211127
209074
212770
216396
215651
213402
215500
218264
209966
198052
195969
199341
202890
205030
201981
200295
202898
204383
196946
190430
191751
195080
198461
201145
199181
198386
201390
202800
195191
190515
193191
196507
199899
203415
206971
210611
214345
218190
222056
226050
230156
234361
238750
243216
247866
252585
257401
262325
267391
272596
277860
283251
288756
294441
300361
306520
312796
319193
325839
332701
339836
347172
354719
362526
370581
378811
387402
396310
405591
415196
425251
435821
446872
