657287
514396
437662
343817
287094
252861
240930
244326
238531
222181
205880
193895
190676
193665
191531
184100
177501
177261
180049
178556
171615
164207
157889
153617
154179
156681
158385
155440
151046
147620
147805
150101
152390
151855
148456
144620
141045
139511
140952
142550
141115
140514
139881
140780
142911
144975
143265
137220
132226
129840
130066
132120
134215
135720
130846
124120
120011
120440
122285
122610
115361
108050
104117
103944
105535
107085
104925
99870
96271
95155
96170
97625
99056
98295
94111
91144
90271
91300
92670
94050
94346
91755
89586
88629
89270
90606
91970
93305
93020
89961
87816
87249
88170
89435
90741
92045
91822
89393
87776
87345
88290
89580
90901
92201
91769
88961
86999
86632
87629
88890
90215
91511
91161
88994
87570
87455
88541
89835
91155
92461
92225
89730
87980
87671
88715
90040
91375
92661
92305
90636
89579
89585
90730
92051
93425
94550
92930
90056
88435
88480
89675
90985
92306
93510
92505
90325
89181
89280
90445
91752
93094
94375
93480
90875
89246
88980
90030
91335
92695
94046
94101
92144
90640
90026
90770
92090
93450
94820
95121
92245
89790
88826
89395
90675
92016
93349
94371
93000
91220
90250
90451
91690
93040
94411
95695
94795
91955
89980
89392
90329
91645
93010
94385
95031
92910
90990
90020
90226
91480
92830
94180
95415
94337
91449
89490
88812
89654
90980
92360
93770
95051
94180
91850
90150
89185
89581
90886
92215
93584
94906
94755
91886
89344
88011
88360
89635
90935
92260
93581
93925
91710
89450
87996
87655
88685
89955
91280
92621
93815
92545
89430
87446
86740
87580
88872
90144
91450
92731
92439
90060
88361
87355
87280
88405
89696
91026
92374
93355
91435
88651
86775
86240
87215
88511
89785
91100
92420
92682
90334
88130
86860
86532
87494
88795
90130
91470
92806
93005
90295
87785
86251
86185
87345
88640
89930
91241
92465
91706
89076
87333
86282
86334
87490
88760
90062
91404
92680
91745
88551
86460
85492
86093
87341
88596
89890
91224
92266
90700
88430
87370
86910
87535
88806
90105
91415
92757
93389
90980
88045
86370
86236
87340
88630
89915
91220
92456
91640
89155
87580
86766
87222
88478
89791
91110
92455
93005
90510
87740
86131
86035
87175
88440
89721
91030
92200
91170
88785
87596
87095
87630
88900
90191
91525
92890
93230
90201
87390
85725
85615
86775
88051
89325
90660
91900
91255
89066
87960
87541
87974
89196
90495
91825
93177
94554
95960
97400
98832
100309
101800
103330
104855
106411
107971
109574
111165
112776
114430
116175
117951
119740
121550
123371
125206
127024
128871
130775
132716
134704
136781
138880
141021
143195
145335
147536
149795
152091
154440
156805
159216
161680
164160
166743
169378
172051
174801
177575
180392
183263
186186
189231
192340
195521
198680
201942
205224
208607
212064
219255
222981
226770
230631
242586
246830
251241
255681
260191
264835
269561
274450
279421
284486
289745
295156
306336
312146
318160
324366
537156
343840
350801
357986
