2432226
3029377
753713
407285
311991
308320
301781
259121
226505
215196
215645
219271
210080
184946
166601
155817
151783
153170
155601
157260
146261
132155
122850
118326
118191
119844
121360
117251
110305
105065
100991
98410
97500
98515
99971
101450
102295
97965
92801
89045
87455
88226
89484
90776
91535
88465
84700
82261
80390
79745
80131
81255
82435
83625
84600
82591
79279
77326
76495
77225
78315
79445
80471
79580
77260
75690
74965
74571
75145
76175
77250
78365
79145
77306
74797
73353
73035
73815
74866
75935
76997
76903
75136
73660
72980
72720
73245
74255
75306
76385
77436
77094
74655
73027
72319
72666
73664
74725
75810
76776
76400
74521
73189
72425
71966
72375
73340
74370
75416
76484
76296
73905
72345
71630
71827
72784
73815
74845
75890
75895
73866
72295
71485
71015
71300
72201
73240
74275
75315
75930
73860
71726
70625
70275
70985
71990
73040
74116
75085
74015
71695
70361
69545
69420
70110
71090
72095
73105
74106
74075
72115
70365
69331
69345
70210
71175
72190
73210
74040
73111
71370
69931
68985
68894
69636
70645
71675
72721
73649
73046
71135
69695
69320
69995
70960
71966
72965
73875
73565
72070
70897
70134
70081
70844
71847
72860
73904
74895
74175
71995
70695
70136
70430
71385
72425
73475
74515
74771
72801
71074
70140
69631
69730
70546
71559
72607
73668
74601
73775
71430
70032
69238
69185
70007
70969
71970
72980
73905
73186
71290
70170
69595
69455
70031
71020
72030
73075
74117
74228
71980
70216
69200
68900
69645
70630
71626
72615
73630
73565
71670
70220
69375
68986
69245
70090
71085
72100
73126
74090
73345
70870
69330
68581
68720
69595
70565
71560
72560
73516
73005
70880
69705
69065
68776
69230
70172
71168
72226
73284
74026
72525
70495
69540
69140
69705
70681
71705
72732
73768
74020
71791
70105
69256
68669
68840
69615
70621
71605
72645
73620
72935
70381
68955
68335
68455
69355
70327
71334
72355
73357
72948
70525
69175
68321
68095
68635
69600
70595
71621
72651
73674
73165
70595
68955
68246
68686
69685
70704
71710
72750
73606
72362
70203
69312
68975
69409
70375
71380
72410
73465
74481
74040
71625
69925
69246
69539
70476
71450
72435
73445
74365
73210
70731
69485
68810
68875
69715
70746
71765
72775
73767
74143
71991
69950
69091
69085
69934
70931
71935
72955
73910
73295
71000
69725
68901
68685
69280
70240
71240
72270
73291
73645
71360
69490
68641
68430
69180
70150
71145
72145
73015
71896
69580
68435
67920
67875
68606
69546
70505
71499
72515
73220
71341
69085
68075
67645
68145
69095
70066
71065
72065
72390
70101
68285
67565
67260
67786
68724
69691
70670
71670
72562
71713
69305
68066
67691
68164
69100
70050
71027
72049
72955
71916
69639
68650
68155
68341
69250
70235
71235
72245
73271
73445
71000
69065
68105
68056
68905
69895
70870
71870
72870
73166
71020
69445
68755
68560
68976
69890
70885
71890
72920
73740
72246
69820
68740
68490
69185
70157
71139
72120
73091
72564
70095
68800
68201
68125
68835
69775
70735
71731
72745
73170
70925
68955
68145
68006
68810
69800
70832
71868
72850
72346
70040
68720
68190
68166
68850
69795
70790
71795
72815
73106
70800
68810
67992
67928
68740
69710
70711
71716
72704
72570
70172
68929
68445
68410
69135
70140
71172
72204
73255
73705
71477
69288
68451
68310
69085
70070
71072
72074
73090
73020
70875
69625
69010
68850
69496
70500
71495
72507
73525
74099
71965
69541
68644
68511
69284
70291
71320
72330
73306
72885
70546
69339
68900
68935
69665
70640
71616
72630
73610
73207
70413
68825
68056
68125
69050
70042
71043
72041
72920
71826
69721
68793
68446
68705
69555
70515
71490
72470
73421
72760
70225
68716
68129
68470
69436
70445
71440
72465
73470
73150
70917
69569
68885
68635
69250
70216
71222
72223
73225
73877
71893
69571
68630
68285
68856
69829
70846
71860
72875
73635
72185
70141
69260
68855
69155
70070
71070
72125
73151
74165
73535
70825
69365
68376
68260
69110
70091
71069
72065
73056
72781
70364
69070
68450
68301
68910
69885
70860
71875
72895
73676
72045
69745
68740
68195
68766
69730
70720
71705
72705
73315
71327
69489
68800
68470
68770
69675
70661
71666
72674
73665
73075
70356
69096
68419
68465
69325
70285
71271
72281
73239
72725
70440
69251
68670
68655
69355
70330
71352
72399
73460
74185
72165
69846
68755
68110
68680
69630
70625
71630
72646
73530
72310
70010
69035
68351
68345
69110
70110
71120
72130
73147
73334
70620
68830
67975
67755
68581
69550
70567
71593
72611
73490
72095
70005
69175
68717
68823
69651
70625
71625
72640
73651
73680
71135
69560
68870
69030
69935
70911
71901
72925
73929
73645
71275
70191
69575
69395
70120
71095
72126
73170
74210
74230
71515
69895
69101
69255
70201
71209
72237
73263
74241
73545
71105
70035
69415
69431
70251
71235
72249
73255
74260
73506
70795
69445
68736
69031
69984
70965
72015
73050
73920
72650
70401
69480
68970
69110
69947
70914
71925
72960
73965
73280
70580
69281
68515
68797
69750
70728
71746
72765
73745
73056
70689
69655
69066
69015
69845
70865
71885
72931
73940
73612
70963
69525
68870
69116
70070
71065
72075
73095
73985
72776
70531
69544
69095
69220
70056
71065
72070
73090
74065
73280
70616
69285
68620
69080
70065
71062
72084
73100
73865
72060
69870
68931
68440
68720
69690
70690
71721
72771
73749
72795
70145
68821
68205
68750
69720
70710
71690
72680
73121
71190
69515
68715
68406
68970
69915
70906
71904
72920
73535
71523
69508
68610
68265
68965
69946
70926
71939
72990
73960
73441
71355
70090
69130
68895
69610
70591
71581
72604
73575
72755
70271
69020
68320
68515
69460
70460
71491
72525
73495
72750
70735
69786
69100
68885
69395
70350
71350
72365
73376
74215
72756
70289
69115
68411
68685
69640
70635
71660
72687
73714
74060
72065
70495
69645
68981
69175
70030
71035
72060
73066
74045
73420
70825
69346
68474
68546
69430
70395
71400
72415
73420
73611
71440
70090
69415
69105
69561
70470
71445
72451
73464
74371
73150
70635
69385
68595
69005
69936
70940
71961
72980
73889
72795
70546
69446
68644
68576
69364
70355
71361
72395
73425
73205
70555
68997
68014
67970
68795
69760
70756
71766
72769
72785
70637
69323
68667
68499
69205
70185
71197
72208
73241
73815
71675
69576
68644
68340
69047
70014
70985
71990
73017
73690
71884
69976
69194
68801
69159
70071
71055
72065
73080
73936
72594
70176
68950
68340
68860
69810
70816
71850
72890
73705
72215
70145
69326
68985
69301
70209
71185
72185
73222
74219
73535
70886
69654
69031
69280
70195
71185
72216
73284
74266
73336
70969
70030
69615
69736
70650
71660
72662
73708
74740
74426
71665
70100
69290
69415
70316
71290
72280
73301
74274
73671
71565
70565
70040
70175
71050
72066
73120
74165
75085
73835
71295
70081
69510
69965
70920
71920
72916
73946
74629
73075
71345
70600
70196
70605
71555
72575
73605
74641
75060
72865
70845
69820
69611
70440
71445
72475
73500
74515
74221
71860
70710
70120
70110
70861
71881
72929
74005
75015
74395
71782
70534
69825
70060
70980
71966
72980
74020
74747
73043
71031
70225
69725
70025
70920
71891
72895
73920
74807
73488
71095
70020
69411
69980
70985
71990
73025
74071
75025
74110
71740
70685
69950
69801
70470
71430
72432
73458
74486
74405
72000
70465
69645
69651
70510
71485
72512
73555
74568
74262
72009
70860
70085
69855
70540
71541
72555
73610
74671
74774
72491
70695
69735
69680
70521
71515
72522
73533
74526
73894
71665
70692
70114
70171
70989
72005
73005
74031
74992
74203
71510
70175
69387
69614
70555
71560
72565
73600
74491
73380
71350
70565
70072
70184
70980
71967
72993
74045
75025
74261
71725
70350
69575
69905
70887
71899
72920
73965
74820
73431
71370
70575
70200
70535
71475
72486
73505
74576
75424
73820
71540
70391
69880
70375
71350
72366
73410
74450
74485
72290
71065
70490
70376
71080
72075
73090
74155
75186
75285
72905
71220
70440
70425
71346
72375
73440
74490
75295
73656
71615
70845
70440
70805
71741
72766
73789
74845
75382
73153
71146
70210
70030
70805
71791
72785
73830
74860
74665
72490
71425
70946
70911
71629
72651
73719
74811
75785
74846
72264
70860
70310
70736
71720
72737
73753
74760
74251
72130
71090
70565
70690
71551
72565
73580
74635
75445
74115
72106
71180
70845
71536
72549
73575
74637
75599
74670
72341
71264
70467
70409
71120
72135
73176
74225
75040
73495
71305
70375
69916
70485
71490
72495
73531
74565
74790
72755
71225
70460
69960
70311
71220
72255
73305
74345
74630
72356
70715
69941
69944
70800
71791
72805
73835
74655
73355
71431
70480
69820
69972
70848
71842
72880
73919
74745
73290
71205
70307
69984
70605
71585
72605
73635
74676
74680
72590
71310
70530
70155
70661
71630
72650
73695
74750
74776
72415
71025
70320
70301
71164
72171
73205
74285
75220
74240
72151
71315
70755
70850
71670
72686
73725
74780
75645
74251
71829
70756
70130
70590
71565
72560
73570
74596
75015
72905
71315
70525
70066
70375
71265
72265
73285
74335
74961
72935
71030
70010
69706
70390
71386
72394
73435
74465
74246
71890
70735
70110
70040
70810
71791
72795
73820
74830
74540
72110
70611
69812
69844
70734
71720
72741
73770
74680
73625
71485
70691
70210
70355
71165
72170
73185
74207
75129
74120
71680
70370
69671
70125
71117
72114
73119
74132
74714
72770
71100
70450
70220
70705
71631
72630
73640
74685
75185
73086
71180
70140
69815
70557
71559
72550
73575
74555
74060
71785
70751
70162
70048
70680
71662
72658
73696
74745
74700
72340
70760
69936
70025
70950
71990
72990
74036
74880
73705
71770
70785
70146
70265
71085
72085
73115
74120
75080
74201
71985
70890
70367
70898
71896
72895
73910
74955
75420
73341
71660
70955
70525
70715
71566
72600
73655
74737
75613
74161
71785
70691
70014
70550
71550
72565
73576
74615
75180
73405
71790
71086
70720
70985
71851
72865
73894
74936
75856
74684
72305
71185
70711
71260
72260
73280
74330
75386
75725
73490
71980
71272
70908
71251
72095
73115
74170
75215
76086
74840
72650
71531
70989
71456
72465
73520
74565
75635
75736
73510
72200
71655
71400
71880
72832
73864
74931
75981
76123
73846
72270
71400
71406
72279
73315
74376
75425
75710
73600
72050
71366
71110
71652
72593
73615
74682
75764
76085
73975
72290
71465
71341
72202
73238
74300
75370
76336
75455
73540
72530
71920
71950
72726
73735
74780
75840
76440
74596
72700
71710
71550
72270
73292
74326
75373
76295
75325
73495
72591
72045
72115
72865
73885
74931
76010
76580
74635
72840
71861
71755
72575
73595
74620
75660
76496
75215
73245
72345
71895
72096
72850
73895
74940
76000
76851
75605
73431
72180
71669
72275
73336
74380
75435
76455
76055
74235
73306
72740
72700
73365
74411
75455
76545
77565
76730
74505
73206
72630
72935
73926
74974
76041
77010
75920
73680
72460
71860
71996
72800
73825
74900
75971
76905
75646
73324
72240
71830
72442
73464
74505
75585
76545
75465
73291
72410
71990
72125
72920
73976
75050
76130
76975
75672
73424
72421
72159
72865
73875
74936
76010
76945
75900
73750
72780
72281
72250
72845
73890
74987
76059
76995
75955
73945
73040
72845
73512
74569
75630
76735
77677
76554
74440
73510
73162
73469
74370
75456
76564
77656
78365
76596
74539
73466
73234
74131
75191
76294
77390
78090
76295
74440
73716
73255
73585
74525
75585
76626
77715
78130
76020
74095
73066
73035
73940
74965
76025
77096
77786
76199
74440
73590
73106
73365
74230
75305
76380
77496
78010
76020
74250
73355
73150
73951
75005
76070
77137
78023
77031
75140
74190
73520
73465
74206
75245
76320
77425
78305
76821
74676
73504
72966
73626
74688
75757
76869
77935
77560
75255
74171
73275
72955
73510
74515
75580
76691
77765
77330
74770
73275
72511
72950
73976
75029
76111
77195
76860
74485
73320
72566
72389
72976
73971
75044
76156
77245
77145
74855
73435
72765
73025
74006
75065
76160
77252
77583
75390
73781
72870
72360
72745
73711
74745
75820
76895
77065
74830
73186
72271
72219
73130
74175
75260
76336
76841
74814
73311
72584
72121
72445
73350
74385
75456
76490
76092
73903
72552
71913
72071
73001
74044
75130
76165
76001
73815
72685
72040
71860
72470
73461
74520
75605
76547
75533
73466
72370
71985
72385
73360
74410
75466
76480
75765
73730
72910
72366
72345
72945
73950
75005
76075
77036
76060
73785
72572
71883
72146
73115
74140
75210
76255
76001
73995
72915
72455
72291
72839
73821
74860
75930
76960
76476
74201
73034
72350
72575
73501
74550
75620
76705
76715
74400
73216
72691
72469
72995
73971
75000
76071
77144
77046
74864
73486
72560
72535
73420
74460
75515
76576
76920
74895
73366
72489
72101
72610
73605
74625
75690
76785
77066
75015
73525
72770
72810
73661
74700
75745
76800
77182
75224
73675
73025
72587
72870
73788
74831
75890
76967
77118
74840
73206
72355
72301
73169
74190
75241
76290
76315
74302
72958
72500
72406
72925
73875
74910
76000
77091
77365
75490
73825
72950
72941
73775
74831
75880
76949
77215
75337
73899
73180
72820
73151
74050
75120
76180
77250
77325
75051
73445
72580
72467
73303
74366
75420
76500
77136
75449
73870
73186
72781
73039
73895
74960
76026
77105
77655
75630
73630
72561
72350
73111
74174
75240
76296
77100
75710
73885
73251
72954
73246
74155
75200
76265
77360
77827
75809
74040
73120
72910
73661
74735
75810
76885
77620
76070
74286
73570
73230
73555
74450
75511
76596
77684
77700
75465
73871
72970
72915
73760
74836
75916
76984
77660
76140
74470
73787
73459
73772
74708
75775
76875
77971
78045
75665
73960
73112
73129
73990
75015
76080
77150
77510
75471
74035
73502
73388
73940
74921
75985
77065
78161
77919
75686
74286
73680
73814
74765
75846
76910
78030
77990
75740
74477
73869
73700
74325
75325
76412
77535
78459
77327
75298
74045
73626
74180
75240
76315
77395
78236
76765
74680
73685
73105
73317
74224
75301
76374
77450
78071
76135
74130
73200
72910
73676
74741
75824
76905
77780
76515
74491
73735
73240
73480
74390
75436
76515
77620
78060
76050
74236
73205
73065
73840
74886
75940
77015
77510
75582
73988
73250
73041
73561
74564
75640
76715
77816
77610
75415
74115
73457
73660
74614
75686
76775
77875
78194
76106
74570
74125
73970
74527
75534
76605
77715
78785
78070
75746
74370
73620
73972
74973
76060
77161
78260
78170
75905
74681
74105
73980
74525
75560
76626
77745
78766
77954
75567
74083
73331
73660
74660
75745
76865
77971
78150
75910
74435
73806
73645
74326
75364
76457
77529
78524
77571
75430
74135
73565
73995
75031
76105
77190
78235
77925
75686
74495
73810
73730
74435
75486
76551
77649
78520
77265
75261
74115
73732
74338
75385
76460
77561
78605
78045
75680
74555
74026
73940
74626
75694
76785
77906
79005
78445
75905
74485
73705
73926
74905
75955
77045
78135
79071
77730
75295
74065
73210
73386
74325
75386
76454
77525
78552
77789
75075
73620
72846
73209
74181
75215
76285
77370
78190
76501
74550
73735
73335
73576
74495
75535
76620
77720
78425
76786
74940
73856
73504
74150
75191
76240
77315
78285
77440
75330
74386
74010
74170
75100
76187
77269
78372
79318
78190
76141
75070
74715
75350
76410
77490
78581
79640
78895
76340
75030
74336
74280
75120
76205
77340
78431
79140
77385
75315
74215
73901
74700
75810
76905
78010
78881
77475
75465
74675
74350
74615
75511
76575
77665
78765
79075
76981
75035
74080
74115
75055
76115
77201
78305
78845
76780
75002
74309
74090
74510
75510
76616
77720
78825
78670
76210
74526
73605
73850
74865
75940
77046
78180
78715
76690
74936
74319
74156
74751
75769
76825
77910
78936
78055
75705
74305
73575
73971
74985
76050
77120
78210
78157
75879
74570
73985
73947
74748
75801
76875
77976
78949
77880
75686
74456
73914
74495
75535
76636
77760
78785
78100
75815
74816
74410
74620
75510
76615
77706
78810
79400
77415
75432
74548
74386
75145
76210
77290
78410
79081
77155
75330
74570
74256
74665
75605
76680
77765
78852
78949
76740
75045
74060
74085
75030
76081
77190
78285
78846
76834
75002
74344
73990
74445
75425
76526
77635
78745
79105
77120
75506
74590
74650
75645
76720
77856
78985
79275
77120
75666
74944
74706
75285
76330
77396
78499
79581
79205
77135
75615
74746
74966
75980
77059
78170
79220
78556
76191
75174
74760
74875
75726
76815
77910
79040
79840
78236
76285
75195
74705
75370
76462
77564
78680
79675
78575
76147
75019
74405
74415
75140
76215
77306
78410
79380
78265
75871
74425
73540
73820
74811
75870
76940
78050
78985
77692
75388
74292
73494
73320
73945
74990
76036
77110
78170
77990
75606
74109
73231
73351
74334
75435
76515
77628
78633
77680
75337
74299
73625
73595
74375
75447
76538
77622
78709
78305
75740
74296
73365
73535
74480
75535
76602
77708
78311
76305
74535
73750
73291
73705
74710
75810
76921
78019
78711
76780
74876
73844
73401
74045
75055
76100
77175
78237
78139
76006
74644
73705
73200
73656
74655
75730
76805
77910
78545
76646
74365
73050
72535
73150
74146
75165
76210
77290
77430
75280
73866
73005
72525
72900
73870
74936
76010
77075
77710
75900
74026
72930
72495
73030
74070
75111
76190
77265
77635
75540
73970
73251
72720
72940
73805
74855
75921
77000
77800
76040
73960
72866
72350
72875
73925
74985
76075
77151
77505
75372
73813
73185
72876
73400
74400
75460
76545
77631
78085
75975
74067
73003
72700
73391
74445
75500
76575
77641
77090
74765
73641
73059
73045
73846
74875
75950
77025
78080
77836
75630
74160
73345
73525
74501
75550
76616
77719
78530
76915
74801
74045
73701
73954
74882
75960
77074
78175
79005
77480
75291
74157
73668
74145
75140
76201
77285
78335
78215
75985
74701
74180
74045
74670
75710
76775
77886
78945
78170
75880
74546
73900
74205
75205
76290
77397
78499
78705
76600
74995
74300
74056
74500
75510
76570
77666
78759
78791
76660
75095
74240
74261
75156
76219
77291
78384
79100
77396
75530
74831
74406
74588
75471
76570
77660
78750
79396
77600
75650
74655
74455
75150
76226
77335
78430
79250
77790
75855
74931
74290
74401
75264
76361
77485
78635
79355
77740
75826
74681
74269
74900
75975
77070
78156
79220
78705
76500
75345
74741
74581
75240
76319
77421
78550
79610
78970
76860
75450
74671
74972
75979
77049
78170
79290
79676
77420
75766
74999
74486
74910
75960
77050
78165
79257
79544
77265
75455
74460
74305
75081
76130
77190
78275
79020
77241
75260
74580
74170
74527
75474
76546
77639
78720
79045
76991
75250
74227
74153
74985
76040
77121
78215
78790
76987
75264
74436
74079
74500
75416
76504
77611
78730
78980
76865
75205
74221
74106
74944
76010
77105
78201
78910
77220
75385
74705
74390
74671
75596
76649
77760
78880
79156
77090
75225
74165
74000
74741
75765
76835
77925
78930
78086
75772
74778
74290
74380
75216
76290
77395
78485
79192
77545
75689
74646
74320
75024
76105
77186
78285
79295
78305
76042
75074
74530
74540
75325
76400
77516
78645
79621
78644
76555
75211
74525
75095
76125
77225
78331
79425
79110
76630
75296
74760
74615
75310
76375
77465
78555
79631
79010
76795
75410
74766
74985
76015
77130
78245
79350
79312
77009
75696
75176
75029
75670
76740
77870
79015
80055
79156
76845
75540
74980
75415
76451
77510
78591
79599
78855
76621
75495
74885
74855
75625
76671
77730
78845
79735
78315
76211
75115
74690
75280
76335
77425
78521
79445
78185
76190
75235
74711
74810
75555
76620
77695
78821
79441
77535
75504
74380
74161
74930
75985
77050
78117
78824
77040
75076
74284
73925
74291
75221
76299
77385
78485
78651
76480
74905
74127
74083
74996
76075
77190
78305
78845
76876
75205
74460
74035
74335
75270
76321
77412
78528
79100
77060
75120
73996
73625
74327
75378
76462
77559
78650
78602
76079
74629
73926
73600
74145
75155
76225
77371
78470
78805
76855
75340
74776
74910
75855
76912
78003
79131
79980
78515
76360
75055
74136
74095
74890
75930
77015
78095
79141
78275
76105
74875
74161
74450
75430
76515
77590
78695
78801
76710
75500
74890
74645
75121
76100
77160
78255
79345
79431
77115
75445
74535
74385
75195
76271
77385
78485
78815
76900
75411
74740
74440
74890
75850
76932
78074
79181
79404
77275
75531
74510
74450
75341
76464
77606
78710
79535
78010
76046
75135
74665
74775
75576
76644
77731
78850
79805
78501
76414
75225
74586
75030
76035
77125
78235
79226
78370
76222
75168
74615
74591
75320
76385
77476
78604
79596
78846
76694
75236
74349
74585
75611
76695
77785
78865
78270
76066
74860
74185
74035
74747
75799
76905
78005
79105
79050
77121
75676
74739
74872
75874
76985
78100
79195
79465
77525
76036
75341
75014
75452
76473
77601
78740
79860
79860
77800
76236
75300
75335
76310
77425
78565
79666
79530
77265
75975
75331
75110
75690
76730
77820
78930
79981
79185
77170
75925
75196
75630
76690
77771
78864
79865
78876
76715
75765
75370
75445
76136
77200
78305
79435
80362
79134
77150
75985
75516
76099
77151
78250
79410
80295
78815
76911
76030
75605
75722
76553
77667
78799
79940
80470
78630
77041
76155
75975
76720
77771
78880
80001
80764
79080
77160
76286
75705
75670
76460
77550
78666
79815
80470
78780
77125
76111
75930
76735
77825
78930
80091
80845
78910
76820
75815
75155
75341
76245
77340
78496
79639
80396
78865
76840
75465
75065
75846
76910
78005
79120
80145
79081
76620
75555
74835
74815
75640
76701
77805
78937
79953
78986
76720
75495
75000
75495
76560
77646
78780
79905
80025
77746
76145
75390
75075
75595
76620
77731
78835
79955
80695
78705
76551
75405
75000
75761
76870
77950
79085
80165
79681
77194
76006
75345
75335
76165
77252
78384
79520
80630
80425
78075
76536
75720
76035
77040
78152
79284
80400
80155
77625
76125
75436
75360
76005
77035
78125
79216
80270
79740
77450
75931
75274
75631
76710
77830
78962
80063
79761
77305
75942
75274
75106
75779
76840
77940
79060
80156
79755
77265
75745
74965
75242
76209
77301
78414
79495
79260
77001
75790
75150
75112
75843
76906
78005
79145
80225
79330
76726
75305
74700
75131
76159
77281
78405
79465
78660
76120
74911
74366
74479
75230
76285
77375
78466
79485
78545
76085
74455
73506
73845
74845
75915
77010
78111
78515
76350
74745
74015
73775
74371
75415
76510
77610
78751
79170
77150
75306
74219
74190
75086
76200
77305
78410
79115
77556
75740
74895
74510
74740
75646
76745
77865
79000
79890
78471
76240
75070
74685
75365
76456
77570
78687
79728
78770
76427
75324
74730
74890
75727
76820
77914
79035
80092
79243
77030
75671
75180
75740
76806
77914
79051
80110
79500
77137
75913
75186
75045
75645
76685
77790
78951
80070
79800
77651
76154
75466
75785
76815
77932
79058
80196
80015
77480
76035
75335
75171
75670
76710
77825
78940
80042
79729
77365
75755
75006
75244
76231
77325
78420
79545
79345
76781
75105
74335
74176
74794
75821
76915
78050
79155
78870
76326
74790
74070
74295
75240
76320
77408
78483
78735
76410
74695
74076
73835
74365
75385
76480
77581
78652
78768
76405
74680
73921
74230
75210
76265
77342
78424
78946
76949
75260
74531
74265
74810
75835
76931
78054
79176
79290
77065
75320
74495
74542
75439
76495
77590
78695
79200
77316
75700
75005
74555
74910
75891
76956
78064
79211
79389
77237
75609
74771
74844
75830
76936
78075
79205
79900
78045
76291
75525
75240
75520
76435
77540
78657
79784
80015
77760
75946
74820
74730
75670
76765
77846
78955
79770
78121
76169
75306
74610
74696
75574
76640
77710
78796
79250
77395
75720
74885
74931
75825
76910
78040
79170
79621
77490
75932
75263
74985
75431
76405
77495
78585
79700
80056
77890
76082
75108
75030
75936
77045
78180
79310
79672
77754
76315
75685
75445
75975
77001
78100
79225
80290
79416
77254
76001
75580
76000
77010
78125
79271
80295
79405
77335
76210
75526
75595
76420
77510
78626
79770
80455
78600
76725
75705
75506
76275
77350
78470
79580
79921
77785
76330
75665
75385
75876
76875
77950
79060
80140
79866
77695
76370
75755
76005
76996
78100
79230
80280
79585
77445
76251
75565
75475
76055
77116
78211
79364
80495
80165
77825
76241
75445
75725
76775
77857
78934
80030
79845
77467
76199
75400
75115
75720
76745
77845
78981
80085
79800
77460
75850
74946
75100
76065
77141
78224
79336
79605
77626
75959
75055
74575
74936
75920
76995
78075
79162
78929
76435
75160
74460
74620
75551
76610
77705
78745
78360
76376
75270
74530
74395
75035
76081
77170
78265
79110
77620
75721
74730
74365
74945
75975
77040
78116
78640
77155
75585
74745
74421
74850
75835
76935
78050
79121
78735
76735
75475
74640
74731
75670
76755
77850
78910
78386
76425
75435
74785
74595
75141
76165
77236
78344
79150
77655
75741
74670
74355
74920
75990
77091
78185
78060
76140
74906
74200
73995
74610
75626
76720
77815
78460
76810
75020
74135
73906
74590
75640
76730
77810
77911
76125
74950
74212
73978
74560
75566
76661
77759
78785
78196
76145
74855
74205
74425
75355
76421
77505
78555
78260
76277
75114
74390
74270
74845
75855
76936
78050
79106
78364
76285
74996
74530
74910
75906
76974
78060
78977
77924
76175
75240
74640
74591
75290
76375
77471
78594
79255
77486
75625
74505
74350
75150
76178
77283
78375
78960
77275
75766
75070
74797
75133
76030
77116
78245
79366
79309
77045
75417
74559
74695
75630
76725
77808
78793
77910
76015
75000
74236
74000
74415
75392
76463
77541
78536
77729
75751
74599
73930
74136
75130
76165
77280
78360
78346
76300
74980
74070
73635
74051
75010
76110
77235
78315
78081
76065
74755
74025
74030
74910
75971
77035
78125
78625
77001
75681
74819
74220
74330
75220
76276
77365
78455
78790
76770
75016
73975
73795
74646
75699
76786
77900
78265
76450
75055
74200
73781
74185
75175
76250
77335
78411
78210
76311
74814
74001
73990
74920
75990
77070
78185
78271
76430
75215
74455
74277
74918
75946
77036
78124
79040
78095
76136
74850
74250
74585
75602
76659
77745
78505
77221
75564
74776
74391
74779
75725
76815
77926
78995
78445
76435
75095
74461
74781
75794
76906
78004
78860
77776
76275
75280
74800
75035
75911
76970
78060
79140
79016
77000
76037
76073
76850
77965
79071
80230
81375
82530
83697
84894
86115
87405
88690
89976
91270
92557
93908
95287
96689
98080
99495
100947
102409
103900
105385
106911
108440
110022
111640
113249
114930
116645
118366
120080
121805
123557
125364
127175
128991
130850
132775
134696
136660
138655
140676
142750
144860
147041
149240
151440
153696
156005
158296
160610
163015
165471
167985
170571
173120
175736
178380
181117
183894
186696
189550
192521
195505
198525
201651
204800
208021
211305
214712
218210
221795
225366
229060
232816
236666
240670
244716
248790
252907
257110
