941222
479797
389955
359816
360836
322186
281301
266916
253145
238341
240680
240626
228080
210226
197090
192821
195385
198246
191350
175571
161110
155486
156835
159305
152741
138640
128940
124601
125110
127030
128426
122987
115378
109956
107410
108000
109700
111341
110110
104996
101065
98890
99245
100765
102305
103506
100750
96262
93329
92145
93025
94420
95867
96949
94790
91745
90056
89420
90375
91745
93130
94382
93094
89875
87730
86941
87755
89060
90370
91690
91541
88870
86915
85925
86360
87611
88890
90200
90810
88296
85595
84110
83980
85073
86308
87590
88790
88360
86196
84695
83900
84325
85540
86776
88060
89021
87239
84595
83026
82825
83856
85099
86351
87625
87840
85661
83894
83131
83385
84555
85785
87051
88250
87625
84900
82991
82305
83070
84300
85525
86756
87555
85955
83940
82741
82590
83575
84790
86005
87241
87410
84935
82830
81860
82241
83400
84625
85860
86970
86166
84060
82820
82580
83330
84536
85765
87005
87640
85487
83249
82035
82057
83153
84352
85599
86825
86675
84495
82911
82125
82480
83645
84851
86070
87225
86296
83405
81556
81024
81815
83015
84245
85487
86559
85495
83191
81871
81129
81631
82784
83971
85195
86385
85920
83025
80865
79741
80121
81254
82440
83641
84845
85150
82940
80980
80001
79825
80800
81955
83155
84370
85486
84830
82520
80945
80175
80796
81970
83145
84370
85597
85979
83930
82051
81179
81106
82095
83285
84500
85736
86476
84204
81741
80399
80271
81320
82480
83685
84915
85857
84479
82231
81014
80610
81311
82481
83689
84915
86045
85251
82630
80795
80025
80596
81752
82913
84120
85325
85421
82925
81095
80262
80323
81366
82532
83724
84954
85780
83871
81130
79495
79237
80224
81370
82537
83704
84829
84181
81760
80535
79945
80385
81516
82690
83905
85110
85107
82514
80360
79490
79900
81035
82191
83395
84611
85384
83780
81866
80930
80625
81515
82701
83890
85110
86105
84580
81961
80560
80330
81290
82491
83710
84945
86120
85695
83251
81471
80554
80815
81925
83146
84371
85594
85635
83130
81081
80150
80531
81694
82900
84122
85354
85810
83862
81939
81015
80990
82015
83190
84411
85615
86245
84036
81515
80120
80040
81095
82275
83485
84691
85615
83985
81745
80750
80446
81230
82410
83600
84831
85960
85045
82080
80151
79425
80055
81205
82380
83555
84747
85079
82705
80750
79835
79521
80330
81491
82655
83840
84885
83740
80960
79236
78664
79421
80580
81750
82925
84127
84455
82094
80235
79335
78990
79736
80880
82065
83280
84466
84321
81709
79526
78535
78935
80085
81250
82450
83666
84365
82420
80300
79071
78666
79284
80435
81625
82781
83975
84340
82170
80005
79070
79371
80495
81661
82851
84023
84786
83002
80878
79660
79325
80070
81211
82375
83560
84755
84776
82001
79791
78793
79075
80196
81336
82539
83750
84676
83265
80970
79710
79115
79701
80825
82000
83205
84365
84161
81445
79481
78669
79225
80381
81520
82715
83895
84410
82276
80380
79505
79142
79849
80990
82165
83360
84565
84466
81720
79605
78560
78855
79935
81086
82265
83460
84380
82851
80565
79705
79325
79800
80916
82080
83295
84485
85196
83145
80580
79065
78925
79965
81111
82295
83500
84565
83810
81571
80070
79230
79160
80070
81201
82370
83565
84690
84126
81166
79209
78390
78895
80001
81126
82309
83495
84335
82496
80395
79465
79040
79535
80666
81810
82990
84200
84836
82650
80276
79120
79086
80099
81240
82440
83640
84655
83250
80866
79741
79219
79615
80686
81820
83005
84200
85065
83251
80605
79167
79048
80065
81216
82390
83595
84710
83750
81281
79985
79285
79405
80416
81575
82737
83943
84850
83062
80259
78865
78585
79491
80600
81755
82925
84100
84025
81561
80050
79375
79316
80264
81411
82591
83769
84860
83920
81146
79385
78665
79245
80350
81466
82627
83818
84426
82714
80931
79970
79537
80178
81310
82471
83685
84895
84535
81641
79675
78945
79240
80355
81531
82701
83894
84675
82775
80696
79790
79457
80198
81345
82476
83675
84855
84480
81302
79034
78095
78491
79589
80735
81901
83095
83931
82244
80115
79131
78780
79460
80595
81755
82926
84080
83981
81220
78960
77970
78315
79420
80580
81746
82950
83955
82715
80621
79740
79340
79910
81050
82230
83442
84674
84665
81751
79434
78551
78880
79995
81165
82371
83590
84485
83105
81051
79835
79345
79915
81060
82205
83416
84605
84600
81835
79705
78886
79235
80360
81525
82705
83916
84900
83566
81360
80295
79865
80470
81625
82795
84026
85225
84890
81901
79735
79081
79749
80925
82110
83305
84521
85765
87015
88280
89560
90881
92240
93610
95016
96455
97885
99355
100840
102361
103900
105472
107059
108685
110320
112001
113745
115460
117240
118995
120801
122690
124615
126556
128470
130395
132436
134445
136480
138571
140710
142830
144956
147125
149356
151655
153990
156416
158855
161331
163867
166468
169132
171854
174602
177364
180191
183075
186001
188960
191991
195090
198256
201515
204771
208110
211556
215060
218641
222280
225921
229670
233486
237431
241420
245543
