1676160
1176245
1153098
416611
290521
286931
283996
240765
187841
164870
156545
157076
156295
140291
127205
118045
112535
110616
111850
113550
114166
107425
101175
97330
96646
97955
99400
100265
96137
91500
88644
87306
87954
89261
90630
91945
90925
87061
84330
83100
83675
84925
86221
87470
86815
83610
81436
80205
79850
80730
81920
83137
84359
84890
82120
79406
77805
77361
78306
79458
80635
81836
82751
81129
78715
77280
76336
76595
77680
78831
79999
81146
81595
78902
76588
75080
74626
75475
76560
77675
78816
79815
78485
75965
74600
73630
73536
74400
75435
76515
77625
78626
77400
74815
73525
73110
73785
74866
75990
77115
78275
79107
77224
74965
73715
72945
73197
74184
75290
76425
77535
78647
78679
75880
73870
72860
72990
74006
75095
76210
77330
78435
78875
76466
74355
73255
72587
73028
74061
75125
76230
77360
78461
77755
74920
73470
72860
73255
74301
75360
76446
77559
78665
78071
75270
73615
72531
72249
73070
74126
75220
76345
77470
78562
78129
75230
73706
72940
73189
74231
75300
76441
77594
78745
79035
76476
74365
73125
72570
73130
74186
75275
76385
77511
78629
78086
74990
73100
72260
72330
73296
74370
75450
76560
77660
77776
74870
72890
71745
71390
71941
72950
73970
75010
76075
77150
77716
75160
72750
71585
71135
71851
72881
73919
74985
76045
77040
75921
73290
71917
71208
71432
72393
73456
74525
75615
76720
76986
74125
71895
71005
70720
71505
72546
73590
74655
75750
76650
74915
72506
71420
70945
71326
72334
73386
74470
75585
76705
77500
75591
73030
71855
71500
72250
73291
74325
75395
76445
77290
75371
73020
72017
71513
71960
72980
74011
75070
76120
77195
77565
74730
72506
71530
71370
72280
73325
74386
75462
76533
77435
75800
73445
72241
71600
71815
72790
73845
74926
76010
77100
77340
74380
72206
71255
71165
72125
73192
74268
75367
76479
77210
75095
72701
71420
70595
70940
71945
73020
74096
75190
76260
77080
75145
72576
71100
70340
70855
71865
72901
73960
75015
76090
76981
75374
72841
71460
70410
70305
71180
72216
73275
74350
75440
76335
74600
71851
70515
69710
70125
71130
72141
73192
74253
75321
76070
74199
71806
70545
69760
69960
70915
71902
72934
73975
75055
75490
72780
70431
69316
68979
69746
70784
71826
72900
73965
74860
73140
70510
69301
68615
68795
69731
70734
71761
72810
73866
74634
72642
70033
68856
68415
69090
70076
71074
72091
73125
74140
73746
71054
69470
68641
68495
69320
70325
71325
72351
73400
74420
74091
71159
69425
68596
68580
69475
70486
71524
72556
73620
74260
71940
69745
68820
68446
68915
69915
70965
72011
73074
74131
74915
72825
70185
68965
68411
68980
69980
71010
72035
73065
74062
73234
70345
68955
68370
68356
69201
70174
71195
72210
73251
73950
71686
69011
67668
66940
67461
68431
69424
70445
71455
70782
67438
65611
64765
64450
65065
66010
66970
67936
68885
68575
65690
63867
62909
62765
63546
64459
65375
66345
66435
63831
62230
61400
61240
61870
62760
63656
64586
65454
64480
62186
61069
60776
61196
62074
62980
63885
64785
64600
62406
61230
60735
60920
61720
62615
63511
64400
65215
64200
62065
61160
61071
61675
62560
63475
64390
65310
65326
63391
62374
62150
62565
63435
64340
65256
66195
67125
68001
67909
66866
66540
66935
67805
68755
69740
70721
71725
72615
71705
70030
69490
69507
70084
71070
72120
73170
74240
74997
73294
71200
70455
70651
71536
72574
73635
74700
75670
74721
72355
71100
70695
70855
71711
72760
73825
74901
75909
74695
71866
70755
70455
70990
72025
73102
74174
75240
75450
72855
71070
70476
70470
71220
72260
73350
74471
75566
75419
72530
71035
70490
70616
71545
72585
73655
74737
75209
72860
70925
70182
69883
70501
71510
72556
73635
74714
74735
71906
70275
69780
70095
71055
72085
73116
74160
74950
73245
71180
70376
70125
70712
71703
72755
73816
74895
75295
73005
71035
70335
70411
71300
72345
73410
74475
75546
75050
72415
71220
70715
70971
71950
72995
74065
75170
75900
73906
71620
70805
70671
71404
72440
73501
74595
75685
75375
72555
71156
70635
70825
71780
72816
73875
74931
75910
74609
71775
70721
70270
70745
71750
72785
73845
74911
75225
72850
70900
70240
70096
70825
71830
72875
73950
75045
75396
72865
70851
70094
70065
70970
72001
73055
74125
75106
74179
71801
70695
70141
70274
71170
72205
73261
74300
75310
74655
72140
70686
70075
70415
71415
72465
73540
74591
75440
73955
71905
70935
70577
70939
71920
72935
73990
75050
75796
73655
71400
70480
70286
70995
72040
73095
74165
75220
74875
72503
71398
71065
71305
72247
73314
74405
75541
76564
75686
73000
71760
71505
72230
73295
74336
75410
76471
77550
78629
79735
80871
82055
83210
84420
85666
86895
88155
89430
90765
92091
93445
94785
96175
97631
99110
100600
102115
103636
105205
106815
108476
110140
111840
113587
115364
117156
118944
120796
122685
124600
126555
128546
130567
132624
134745
136895
139082
141284
143480
145696
147980
150306
152655
155030
157375
159771
162285
164806
167355
169951
172600
175326
178170
181095
184066
187116
190116
193174
