552187
433371
387896
310486
302355
279756
257271
255161
232010
212512
211514
208396
196100
192096
193415
182700
171026
169245
171656
167756
161750
161995
162766
155725
150355
151076
153400
151945
149392
150254
152291
149020
144535
144726
147080
147535
144981
144695
146946
146580
142980
142646
144875
145917
143659
143355
145541
145770
142606
142105
144260
145785
143996
143530
145601
145905
143130
142605
144826
146600
145111
144685
146685
147116
144395
144355
146731
148151
146160
145950
148105
148672
145944
145457
147699
149167
147398
147201
149432
149879
147450
147170
149466
149915
148011
148175
150495
150771
148200
148425
150771
151545
149741
149770
152070
152396
150185
150221
152597
155083
157621
160216
162875
165610
168385
171237
174114
177082
180069
183141
186251
189439
192647
195934
199313
202784
206330
209956
213700
217572
221554
225597
229689
233843
238114
242470
246936
251501
256220
261096
266105
271216
276486
