709541
506423
430225
377171
359921
347120
294086
257926
239640
240661
245211
249766
240006
219400
202780
191456
190740
194000
194542
183720
170670
161295
160486
163117
159118
143666
132780
128821
130211
132259
131375
122981
116165
112690
113221
114995
116690
114231
108915
105225
103980
105111
106700
107935
105621
101450
98550
97806
99044
100516
101905
100640
97391
95091
94339
95295
96700
98106
98386
95309
92236
90365
90475
91750
93100
94451
93700
90770
88582
87675
88449
89752
91058
91980
89936
87030
85425
85330
86471
87740
89050
89980
88580
86771
85825
86120
87340
88630
89906
90065
87715
85695
85106
85980
87250
88536
89729
89106
87565
86695
86720
87811
89135
90480
91670
90946
88940
87671
87519
88540
89856
91150
92487
93318
92645
92291
92315
93045
94396
95800
97230
98695
100115
100786
101570
102950
104471
106045
107670
109315
110971
112690
114396
116094
117796
119562
121383
123251
125170
127110
129081
131075
133085
135101
137130
139231
141405
143571
145795
148050
150326
152626
155004
157400
159936
162290
164926
167450
170086
172845
175590
178371
181195
184147
187149
190196
193270
196411
199645
202881
206207
209594
