495906
365786
304210
279721
271086
268981
271265
276141
278156
279400
274186
270166
242150
228797
231205
233990
215196
182222
162764
154915
155755
157532
147519
134010
124911
122160
123701
125640
124560
117306
111600
108260
108580
110190
111882
112184
108380
104531
101440
99870
100515
101971
103455
104920
103480
98821
95200
93175
93555
94941
96350
97762
97413
94196
91515
89761
89289
90325
91667
93026
94398
94745
91801
88955
87240
87200
88386
89710
91030
92315
91936
89595
87935
87135
87485
88731
90025
91335
92625
91931
88705
86300
85210
85710
86951
88220
89506
90715
90209
87906
86330
85540
85740
86906
88151
89449
90785
91165
88461
85985
84655
84600
85741
87010
88280
89562
90113
88222
86224
84800
84125
84806
86040
87310
88575
89841
89740
87000
84500
83040
82990
84136
85410
86680
87940
88826
87590
85390
83620
82725
83106
84310
85550
86835
88136
88435
86220
83905
82545
82701
83860
85097
86393
87706
88785
87865
85695
84035
82991
82890
83935
85165
86415
87656
88881
88420
85559
83165
81731
81920
83095
84330
85596
86875
87825
86640
84311
82642
81713
81765
82835
84031
85271
86524
87620
86310
83361
81425
80715
81425
82625
83816
85050
86285
86760
84700
82711
81485
80895
81395
82540
83766
84995
86245
87225
85546
82760
80840
80055
80756
81915
83097
84288
85510
86470
85186
82830
81335
80340
80210
81181
82365
83570
84786
86015
86125
83360
81060
79690
79691
80745
81925
83125
84366
85600
85915
83866
82104
81001
80360
80795
81926
83114
84312
85534
86700
85910
82976
80980
80141
80749
81926
83096
84284
85530
86662
85888
83566
82135
81170
80885
81736
82910
84105
85335
86565
86855
84191
81640
80135
80085
81151
82325
83515
84740
85866
85320
83065
81580
80880
80807
81749
82935
84137
85348
86580
86861
84440
81955
80620
80882
82034
83240
84455
85705
86736
85585
83415
82180
81465
81431
82395
83601
84819
86090
87291
86756
84234
82890
82951
84015
85241
86499
87790
89086
90380
91700
93025
94401
95810
97230
98677
100139
101645
103160
104705
106246
107845
109496
111174
112922
114675
116464
118266
120055
121857
123674
125575
127491
129459
131486
133556
135601
137714
139866
142060
144300
146571
148895
151295
153730
156186
158705
161226
163785
166405
169101
171851
174655
177130
170531
159325
150641
145115
144345
146506
148795
149220
141206
132996
127784
126556
128175
130140
132131
131755
126985
122951
120225
118605
119256
121025
122850
124700
124211
119940
116500
114562
115049
116782
118579
120410
120785
117661
114915
113075
112271
113086
114775
116519
118300
119291
116471
113555
111765
111575
113120
114846
116590
118255
117847
116524
115700
115495
116791
118575
120370
122196
124060
125965
127930
129921
131965
134051
136155
138280
140497
142724
145020
147351
149745
152120
154576
157025
159541
162105
164760
167491
170211
173015
175885
178771
181705
184700
187801
190961
194175
197410
200746
204171
207625
211235
214926
218746
222631
226565
230586
234735
238967
243319
247866
252455
257171
261996
267026
272180
277441
282851
288425
294136
299791
297346
296341
301940
307911
314007
320464
327081
333936
340871
348086
355637
363405
371706
380246
389022
398015
407486
417386
427591
438383
449564
461273
473724
486637
500506
514886
530551
546952
564231
582487
601411
622027
644066
668267
694462
722482
753962
787762
825632
867618
915706
970643
1031952
1108423
1200355
1315627
1462373
1665564
1976331
2569481
9078763
16207346
2190335
1522705
759906
553692
483212
434510
406166
411021
381516
304071
261571
237100
226056
227235
231396
232980
218701
203595
190756
181965
177366
178610
181592
183309
175406
166445
160261
158540
160581
163220
165560
161461
155840
155250
157676
160265
162871
165560
168352
171189
174000
176886
179870
182931
186035
189221
192520
195856
199287
202749
206265
209886
213650
217481
221290
225131
229080
233098
237219
241451
245755
250260
254946
259367
255671
254849
259531
264455
268876
270896
276065
281401
286806
292341
298115
304041
310151
316381
322881
329490
336331
343361
350676
358266
366041
374216
382546
391351
400361
409716
419616
429781
440523
451559
463361
475727
488536
502003
516094
531357
547296
564332
582201
601277
622436
645797
671711
698818
726791
754782
784387
816812
852257
891592
934088
981637
1035178
