626816
475907
407320
365781
361126
337991
288391
257761
255985
260121
250685
231781
216855
216131
219896
212316
191456
174396
166284
166905
169706
163050
147715
137005
130846
130550
132576
133075
125770
117977
112974
111930
113475
115231
114870
109845
105570
102961
102886
104369
105970
107111
103975
99397
96210
95454
96690
98140
99551
98410
94775
92435
91500
92211
93545
94956
96305
95260
91606
89259
88445
89226
90540
91855
93132
92368
89813
88148
87390
87925
89225
90521
91860
92140
89350
86846
85480
85605
86800
88060
89341
90420
89160
86997
85509
84790
85402
86638
87906
89210
90040
87865
85335
83616
83085
84020
85220
86440
87691
88395
86435
84290
83066
82335
82885
84072
85295
86539
87585
86210
83290
81221
80240
80755
81925
83115
84350
85566
85695
83495
81845
80956
80780
81760
82930
84135
85376
86485
85375
82660
80790
79991
80605
81760
82937
84149
85365
85486
83469
81981
81185
81130
82115
83310
84530
85767
86731
85023
82155
80326
79646
80354
81540
82740
83972
85190
85489
83385
81602
80634
80285
81055
82220
83385
84581
85745
85120
82160
80101
79176
79664
80821
81974
83166
84386
85154
83415
81165
79926
79185
79531
80625
81794
83011
84240
85335
84127
81108
79191
78461
79194
80342
81518
82721
83960
84775
83185
81121
79900
79285
79705
80800
81966
83155
84360
85345
83772
80979
79200
78720
79580
80726
81875
83050
84275
85460
85830
85521
85540
85880
86870
88116
89410
90705
91995
91895
90471
89635
89685
90805
92126
93495
94870
95617
94569
93600
93165
93575
94896
96305
97745
99065
98202
95624
93845
93680
94851
96260
97685
99060
98811
97310
96095
95690
96300
97726
99160
100610
101280
98791
96207
94948
95111
96470
97920
99395
100345
98801
96965
95890
95760
96901
98350
99825
101270
100926
98041
95589
94645
95441
96835
98260
99702
100864
99430
96905
95136
93845
93955
95235
96620
98066
99440
98485
95235
92955
91981
92885
94285
95685
96721
94835
91715
89585
88526
88920
90195
91545
92890
94246
94220
90952
87763
85916
86370
87635
88925
90256
91520
91290
89625
87955
87011
87080
88225
89515
90851
92205
93435
92200
88731
86455
85950
87030
88300
89607
90919
92065
91120
88642
86934
85830
85735
86830
88081
89360
90675
91650
89761
86640
84760
84325
85385
86596
87840
89110
90005
88106
85490
83882
82903
83165
84267
85499
86740
87995
89021
87555
84740
82870
82412
83304
84515
85750
86995
88255
88321
85970
84286
83244
82721
83345
84520
85735
86970
88221
88520
85925
83360
81991
82120
83235
84430
85655
86911
88035
87025
84770
83605
82886
82715
83640
84825
86071
87325
88525
87927
84973
82626
81740
82440
83631
84844
86076
87335
87645
85470
83746
82855
82415
83105
84290
85506
86786
88059
88345
85725
83146
81646
81594
82675
83861
85090
86340
87555
87255
84871
83385
82425
82160
83015
84206
85440
86697
87923
87745
84716
82480
81525
82020
83216
84430
85670
86930
87600
85756
83825
82765
82165
82711
83890
85110
86360
87650
88391
86120
83125
81560
81405
82421
83611
84824
86075
87326
87620
85710
83995
82905
82306
82840
84035
85255
86520
87781
88100
85320
82777
81228
81236
82360
83560
84767
86000
87239
87815
86086
84004
82647
81829
82210
83370
84580
85772
87034
87890
85795
82662
80834
80411
81346
82514
83715
84941
86169
86790
85156
83340
82280
81730
82275
83446
84690
85906
87154
88311
88095
87190
87215
88207
89489
90805
92145
93497
94883
96296
97745
99230
100680
102191
103710
105240
106841
108455
110082
111738
113446
115195
116950
118726
120530
122380
124276
126210
128170
130182
132234
134352
136449
138590
140805
143042
145344
147686
150045
152440
154885
157386
159925
162556
165225
167936
170685
173505
176416
179370
182366
185400
188486
191675
194896
198270
201751
205280
208852
212494
216177
219939
223846
227755
231806
235967
240286
244659
249082
253579
258146
262976
267940
273081
278306
283565
288981
294751
300710
306866
313106
319411
325741
332156
338710
345462
352490
359696
366881
374611
382498
390604
399071
407736
416791
426171
435961
