375321
383655
392311
401312
410526
418746
394422
311459
279601
282321
279810
265826
259676
264640
258181
232011
201985
182411
176585
179246
177945
155330
137941
127170
124376
125860
127860
129240
123576
114470
107240
103985
104691
106285
107895
108531
103195
97740
93865
91820
92336
93710
95120
96531
96945
93530
89755
87225
86591
87695
89000
90315
91646
91580
88286
85504
83355
82501
83390
84596
85869
87161
88210
86495
83157
80700
79314
79610
80780
81960
83176
84360
84135
81220
79050
77605
77201
78077
79238
80436
81669
82801
82130
79410
77535
76505
76896
78010
79135
80331
81520
82190
80110
77800
76405
75547
75919
76990
78131
79284
80445
81536
80670
78110
76490
75710
76251
77340
78460
79615
80815
81861
80660
78085
76655
75802
75995
77044
78190
79355
80526
81645
81135
78390
76550
75630
76071
77165
78300
79460
80630
81426
79535
77170
75895
74990
75056
76040
77150
78295
79470
80630
80511
78000
75985
74935
75135
76166
77270
78405
79565
80710
80411
77820
76317
75433
75090
75861
76970
78105
79255
80420
81182
79299
76940
75525
75146
76001
77124
78250
79405
80585
81056
78755
76905
75905
75425
75996
77117
78248
79415
80590
80881
78665
76665
75510
75492
76499
77615
78740
79905
81042
80759
78020
76465
75646
75399
76251
77350
78480
79620
80755
80701
78406
76489
75480
75690
76746
77845
79010
80165
81300
81017
78379
76800
75867
75543
76380
77477
78619
79755
80905
80950
78421
76376
75315
75394
76437
77565
78709
79905
81070
80457
77679
76190
75295
75145
76061
77180
78310
79475
80642
80784
78195
76080
74815
74840
75836
76950
78090
79250
80435
80427
77864
76280
75515
75260
76105
77221
78380
79535
80720
81015
78786
76630
75375
75400
76435
77551
78690
79840
81005
80975
78416
76760
75912
75598
76406
77530
78705
79885
81075
81365
79056
76845
75596
75594
76615
77766
78930
80105
81250
80861
78220
76861
76099
75816
76670
77785
78930
80100
81245
81077
78484
76410
75300
75485
76550
77671
78800
79950
81010
79910
77315
76036
75315
75465
76480
77600
78751
79910
80966
80114
77595
75861
75125
75687
76793
77905
79041
80215
81115
79610
77385
76226
75570
75877
76958
78036
79190
80335
81060
79035
76557
75134
74630
75410
76510
77615
78746
79890
80160
77605
75760
74867
74494
75171
76249
77345
78481
79620
80351
78654
76290
74845
74386
75210
76300
77415
78551
79705
79962
77708
75865
74925
74546
75206
76334
77510
78647
79795
79964
77595
75290
73990
73666
74561
75649
76785
77916
79010
79160
76950
75220
74195
74015
74891
75970
77077
78188
79335
80261
79110
76505
74625
73970
74746
75850
76970
78100
79250
79982
78344
76631
75564
75186
76065
77190
78310
79425
80600
81786
83000
84230
85495
86785
88076
89400
90715
92046
93435
94830
96250
97686
99151
100649
102175
103760
105351
106950
108580
110235
111916
113635
115400
117211
119055
120890
122791
124690
126660
128661
130710
132786
134845
136945
139100
141291
143570
144740
132806
118672
108028
103815
104191
105785
107385
108196
102636
97041
93688
91637
91519
92670
94047
95458
96676
93960
88965
85377
83909
84645
85880
87160
88441
88845
85250
82290
80720
80061
80640
81805
82980
84206
85400
84645
81005
78525
77315
77931
79085
80255
81455
82660
82981
80160
77980
76820
76426
77170
78285
79442
80638
81810
81506
78486
76234
74951
75200
76270
77385
78550
79710
80805
80042
77545
76264
75650
76021
77065
78185
79345
80520
81435
79641
77031
75659
75355
76221
77325
78460
79625
80791
80924
78196
76436
75569
75365
76175
77265
78376
79525
80695
81250
78822
76289
74960
74930
75945
77041
78151
79289
80376
79694
77085
75722
75130
75139
76070
77190
78351
79495
80635
79980
76925
75156
74475
74945
76045
77160
78291
79430
80220
78535
76371
75365
74795
75120
76170
77295
78441
79610
80385
78510
76080
74846
74815
75785
76890
78025
79156
80325
80465
78440
77135
76596
76755
77811
78959
80140
81310
82536
83775
85015
86270
87546
88815
90115
91480
92880
94287
95674
97075
98541
100015
101505
103050
104581
106130
107750
109370
111076
112795
114510
116240
118001
119810
121671
123575
125475
127420
129396
131430
133470
135581
137691
139779
141926
144130
146381
148625
150940
153291
155685
158136
160660
163195
165736
168360
171067
173929
176895
179906
182911
185965
189105
192241
168939938
168718382
502086
363511
308066
293307
299264
284886
214101
168390
150400
144906
146620
148721
140480
125932
115819
109520
107060
108040
109696
111355
109352
101584
95470
92020
91990
93361
94780
96045
93720
89045
85981
83915
83510
84555
85805
87096
88200
86551
83104
80301
79050
79700
80857
82043
83256
83735
81285
78842
77353
76761
77355
78470
79610
80760
81836
80760
78000
75980
75235
75852
76969
78120
79275
80335
79491
77036
75534
74615
74785
75725
76806
77915
79045
79715
77660
75246
73840
73560
74492
75573
76696
77815
78765
77670
75506
74300
73776
74189
75225
76310
77431
78590
79276
77349
74980
73675
73441
74335
75425
76545
77670
78712
78169
76040
74620
73975
74226
75205
76285
77410
78552
79244
77520
75150
73775
73590
74506
75595
76691
77804
78786
77809
75647
74549
74150
74670
75740
76846
77975
79120
79365
77130
74986
73965
74075
75100
76195
77326
78450
79255
77690
75715
74697
74219
74645
75690
76780
77901
79025
79275
77106
74979
73991
74225
75275
76375
77510
78666
79015
77120
75470
74625
74580
75386
76475
77615
78755
79865
79546
77190
75340
74425
74795
75842
76969
78087
79233
79670
77501
75550
74565
74170
74775
75851
76960
78060
79160
78900
76510
74526
73585
73780
74830
75905
77026
78150
79055
77850
75790
74671
74110
74575
75620
76700
77816
78940
79350
77395
75332
74229
74225
75210
76315
77460
78576
79525
78376
76055
74999
74636
75066
76129
77240
78396
79520
79885
77716
75454
74405
74555
75582
76664
77805
78955
79966
79290
77480
76535
76565
77516
78670
79820
80985
82171
83390
84631
85864
87135
88420
89732
91074
92450
93845
95246
96665
98102
99578
101050
102566
104125
105700
107316
108980
110655
112375
114152
115914
117710
119511
121327
123195
125094
127025
129000
131026
133100
135232
137334
139461
141604
143796
146040
148380
150756
153180
155657
158125
160609
