1265718
549192
454901
410723
359269
358426
367545
354341
285926
233966
210125
203991
206350
209891
208630
186771
165455
148881
139322
136574
138070
140175
142335
139752
128695
119674
113926
112290
113610
115306
117030
115880
108635
103066
99210
96825
96225
97362
98799
100240
101535
99541
95126
91779
89815
89935
91181
92510
93875
94930
92481
89155
86740
84860
84195
84811
86020
87255
88510
89687
88684
85530
83171
81524
81386
82440
83635
84856
86094
86566
84015
81745
80350
79331
79261
80149
81300
82426
83605
84750
84385
81985
80165
78806
78435
79217
80358
81515
82676
83820
84011
81949
80265
78926
77970
77985
78940
80076
81245
82425
83600
83700
81376
79491
78039
77525
78185
79312
80459
81625
82785
83690
82366
80360
79125
78090
77835
78715
79831
80990
82145
83325
83851
81935
79620
77905
77336
78165
79250
80390
81560
82756
83350
81511
79529
78085
77125
77306
78320
79455
80600
81785
82926
82350
79790
77910
76795
76881
77910
79020
80145
81300
82356
81500
78930
77400
76516
76190
76930
78010
79095
80200
81346
82400
81585
79235
77471
76281
76459
77510
78640
79757
80899
82075
82540
80585
78641
77605
76990
77370
78415
79545
80666
81850
82912
81868
79452
77929
77210
77665
78766
79884
81061
82240
83005
81417
79404
78076
77309
77405
78355
79491
80655
81851
82949
82255
79946
78285
77301
77439
78475
79596
80730
81880
82610
80775
78721
77540
76895
77155
78190
79291
80410
81567
82523
81390
79251
77711
76746
76883
77930
79026
80145
81270
82236
81109
79016
77815
77105
77195
78105
79202
80349
81515
82635
82120
79941
78315
77265
77311
78321
79419
80565
81710
82835
82421
80055
78515
77515
77295
78016
79125
80225
81370
82555
83515
82046
79276
77445
76359
76400
77391
78475
79595
80737
81793
80951
78391
76755
75594
75281
75990
77095
78195
79340
80520
81506
80305
78010
76385
75260
75291
76300
77380
78480
79610
80736
81000
79005
77166
75944
75456
76075
77116
78214
79335
80456
81455
80300
77890
76175
75135
75346
76385
77475
78590
79710
80596
79235
77002
75753
74951
75065
76000
77100
78215
79355
80476
80620
78520
76512
75303
75036
75885
76925
78030
79150
80281
80346
78256
76548
75631
75445
76166
77269
78370
79490
80601
81335
79582
77238
75820
75146
75610
76670
77770
78902
80029
80780
79170
77285
76160
75666
76255
77325
78405
79515
80671
81480
79865
77490
75980
75381
76030
77105
78212
79348
80501
81270
79635
77455
76045
75235
75481
76466
77545
78639
79771
80915
81220
78690
76480
75146
74636
75394
76467
77578
78700
79821
80862
79798
76926
75450
74515
74415
75180
76232
77319
78425
79555
80650
80090
77305
75366
74170
73950
74865
75935
77051
78155
79252
80128
78735
76371
75115
74275
74345
75290
76365
77441
78546
79660
80324
78280
75826
74375
73705
74211
75264
76341
77430
78522
79573
79115
76401
74950
74075
73860
74597
75649
76740
77821
78946
80068
79956
77435
75445
74330
74360
75325
76401
77520
78635
79725
79550
77006
75405
74671
74559
75285
76352
77419
78500
79625
80530
78971
76450
74966
74254
74840
75906
76955
78060
79175
80187
78929
76615
75461
74849
75055
76006
77100
78205
79320
80445
80280
77651
75695
74525
74275
75120
76196
77310
78410
79517
80204
78135
76045
75020
74480
74992
76039
77125
78225
79320
80411
79995
77360
75486
74509
74535
75511
76595
77695
78810
79930
80206
77965
76255
75245
74906
75615
76665
77765
78890
80020
81091
80595
78225
76425
75375
75320
76281
77355
78460
79590
80621
79750
77367
75999
75164
75195
76111
77190
78280
79380
80496
80567
77863
75845
74825
74790
75726
76820
77905
79030
80136
79670
77135
75905
75025
74951
75750
76830
77935
79040
80150
81006
79230
76501
75009
74330
74761
75815
76900
77980
79085
80037
78759
76610
75470
74680
74790
75741
76825
77945
79065
80186
80210
77650
75645
74532
74243
75026
76090
77175
78265
79365
80087
78196
76113
75092
74399
74725
75740
76800
77875
78980
80081
79880
77265
75406
74064
73621
74295
75345
76406
77519
78621
79590
78455
76110
74750
73690
73512
74224
75250
76320
77390
78521
79440
78060
75670
74201
73265
73245
74160
75220
76305
77377
78459
79260
78045
76255
75040
74201
74210
75080
76156
77239
78351
79485
80065
77940
75540
74031
73350
73970
75007
76073
77146
78235
79285
78815
76600
75341
74455
74300
75040
76100
77191
78295
79410
80365
79115
76401
74810
73845
74135
75165
76245
77336
78435
79530
79485
76912
75329
74310
73990
74737
75773
76846
77980
79130
80280
80216
77560
75500
74380
74360
75315
76371
77455
78566
79669
79765
77481
75770
74815
74495
75265
76341
77460
78582
79698
80731
79890
77475
75967
75084
75329
76331
77420
78515
79600
80640
79735
77171
75820
75060
75175
76120
77176
78280
79405
80535
80680
78281
76235
75080
74830
75680
76741
77800
78890
79990
80221
77850
76060
75015
74590
75265
76311
77375
78455
79572
80288
78645
76526
75355
74875
75531
76595
77680
78765
79890
80705
79182
77199
75935
75245
75610
76621
77710
78802
79909
81009
80731
77875
76020
74892
74603
75465
76506
77590
78680
79785
80525
78497
76399
75385
74735
75146
76150
77216
78314
79435
80545
80247
77729
76005
74920
74700
75616
76732
77833
78975
80115
80351
77895
76255
75340
75005
75696
76765
77900
79005
80125
81026
79655
77070
75597
74878
75321
76365
77420
78505
79615
80741
80445
77810
76300
75410
75221
76055
77142
78233
79350
80457
81174
79445
77140
75715
75225
75836
76880
77955
79081
80254
81186
79476
77134
75895
75120
75511
76530
77605
78700
79812
80879
80425
77665
75860
74620
74691
75650
76715
77815
78920
80046
80610
78440
76490
75425
74855
75362
76399
77475
78550
79670
80671
79930
77515
75975
75046
75245
76285
77396
78539
79695
80816
80620
78100
76650
75666
75270
75925
77020
78121
79249
80356
81155
79330
76935
75590
74811
75295
76375
77475
78585
79671
80705
80020
77580
76312
75454
75415
76246
77319
78412
79513
80636
81070
79080
77165
75881
75375
75997
77038
78110
79225
80341
80960
79290
77445
76212
75519
76005
77055
78160
79241
80350
81320
80136
77559
76055
75266
75812
76878
77965
79071
80200
80870
78500
76365
75270
74836
75480
76545
77620
78735
79862
80959
80615
77922
76074
75066
75339
76365
77465
78591
79705
80775
80045
77570
76230
75466
75610
76565
77675
78790
79916
81062
81003
78525
76595
75511
75390
76350
77430
78516
79630
80736
80744
78172
76740
75849
75580
76355
77390
78485
79606
80740
81270
79085
76770
75377
74969
75760
76825
77965
79086
80230
80980
79020
77115
76331
75875
76515
77580
78675
79801
80910
81890
80720
78105
76502
75639
75925
76940
78030
79151
80310
81216
79599
77290
76190
75596
75995
77015
78105
79230
80346
81400
80495
77825
76331
75590
75850
76880
77970
79091
80235
81130
79430
77140
76181
75535
75905
76935
78052
79188
80341
81487
81508
79030
77215
76061
75770
76680
77772
78878
80011
81135
81075
78590
77151
76145
75915
76710
77760
78860
80000
81126
81685
79555
77351
76065
75640
76455
77570
78690
79832
80959
81520
79300
77510
76456
75965
76595
77645
78730
79841
80985
82000
81040
78425
76656
75645
75955
77006
78114
79221
80325
81415
80630
78060
76890
76006
76090
77020
78111
79259
80382
81534
81940
79530
77306
75970
75595
76460
77545
78681
79810
80935
81725
79825
77695
76471
75755
76175
77215
78325
79457
80600
81699
81315
78515
76691
75621
75784
76780
77866
78995
80120
81270
81155
78491
76930
75835
75495
76185
77255
78346
79445
80590
81595
80340
77676
76155
75225
75640
76711
77780
78885
80010
81145
81485
78981
77107
75803
75105
75422
76439
77545
78660
79786
80909
80716
77935
76250
75245
75215
76151
77240
78315
79435
80582
81300
79269
77170
75950
75045
75216
76201
77289
78405
79525
80646
80365
77745
76095
75205
75321
76305
77385
78515
79630
80751
80795
78350
76535
75330
74797
75394
76442
77505
78593
79711
80695
79465
76975
75460
74900
75616
76655
77767
78868
79987
80549
78445
76515
75315
74630
75016
76040
77110
78190
79305
80391
79890
77250
75345
74500
75041
76095
77185
78271
79379
80471
80405
78110
76535
75510
75080
75756
76840
77935
79050
80160
81221
80400
77650
75895
74996
75525
76595
77690
78810
79935
80961
79900
77605
76380
75630
75651
76525
77630
78745
79885
81026
82005
80635
77960
76326
75490
76030
77085
78180
79307
80419
81390
80230
78000
76857
76174
76150
76980
78075
79180
80291
81420
81760
79241
77045
75860
75771
76725
77834
78941
80055
81180
81045
78585
77010
76146
75795
76420
77505
78605
79741
80875
81960
81005
78070
76161
75106
75399
76417
77524
78650
79770
80895
80777
78528
77046
75950
75385
75775
76820
77940
79036
80135
81170
79980
77400
75966
75260
75730
76755
77836
78945
80076
80929
79185
77041
75940
75240
75425
76355
77456
78595
79722
80858
80975
78536
76630
75460
75445
76425
77521
78615
79760
80875
80390
77792
76409
75540
75191
75844
76911
78025
79135
80285
81220
79666
77085
75560
74985
75565
76637
77744
78865
79975
80740
78915
76791
75785
75135
75265
76191
77290
78405
79500
80595
80115
77401
75816
75044
75510
76566
77650
78750
79885
81035
80970
78471
76775
75555
74920
75290
76326
77435
78536
79629
80722
80133
77096
75185
74190
74535
75580
76641
77715
78831
79944
80440
77956
75985
74875
74216
74549
75511
76590
77695
78825
79955
80571
78515
76275
74835
74485
75352
76419
77500
78622
79713
80371
78315
76316
75204
74490
74730
75716
76760
77880
78980
80100
80291
77995
76030
74911
74734
75631
76705
77805
78925
80055
79991
77675
76160
75166
74884
75521
76565
77650
78760
79885
80816
79495
76885
75346
74784
75456
76515
77605
78720
79815
80636
79015
77095
75940
75255
75481
76440
77540
78655
79780
80916
80911
78234
76245
75046
75041
76015
77074
78180
79280
80410
80671
78445
76865
75945
75520
75986
77000
78100
79230
80370
81456
80725
77861
76000
74919
75161
76176
77259
78345
79451
80526
80164
77795
76365
75325
74921
75565
76630
77720
78835
79971
80995
79800
77275
75755
74861
75300
76367
77433
78546
79646
80599
79260
76970
75930
75256
75365
76345
77435
78540
79681
80790
80700
77940
75990
74861
74885
75840
76905
78000
79116
80220
80310
77785
76162
75164
74735
75240
76270
77340
78420
79541
80600
79770
77030
75350
74432
74734
75775
76845
77930
79056
80160
79930
77485
76075
75061
74675
75335
76375
77450
78556
79675
80715
79715
77115
75531
74740
75160
76211
77314
78437
79544
80630
79945
77485
76191
75255
75046
75749
76815
77920
79041
80185
81260
80555
77852
76149
75105
75380
76411
77499
78621
79750
80845
80152
77708
76356
75485
75360
76160
77230
78316
79445
80590
81155
78870
76551
75186
74779
75600
76672
77759
78905
80055
81097
80163
77616
76286
75279
75190
75985
77076
78195
79325
80430
81135
79116
76750
75290
74650
75210
76225
77276
78361
79454
80385
78840
76796
75765
75105
75315
76210
77266
78366
79519
80665
81210
79116
76980
75720
75230
75970
77051
78145
79280
80410
80722
78494
76855
75895
75545
76160
77206
78295
79410
80562
81643
80936
78220
76425
75310
75517
76564
77661
78779
79915
81025
80205
77763
76493
75570
75550
76395
77491
78620
79770
80895
81560
79456
77025
75892
75259
75745
76795
77875
78985
80120
81250
80866
78546
77154
76140
75810
76461
77535
78650
79775
80896
81590
79646
77409
76066
75414
75946
76995
78070
79195
80355
81051
79040
76940
75900
75340
75742
76799
77885
78975
80080
81096
80211
77569
76002
75023
75156
76126
77194
78295
79441
80585
81345
79970
78240
76996
76351
76844
77885
78975
80115
81271
82305
81466
78659
76940
75956
76280
77335
78421
79544
80686
81710
80570
78315
77000
76016
76176
77184
78290
79401
80555
81700
81855
79355
77306
76055
76040
77020
78105
79235
80381
81525
81880
79480
77675
76406
75995
76620
77670
78800
79936
81106
82184
81515
78725
76961
76080
76605
77690
78811
79925
81040
82170
82270
79720
77986
76745
76220
76710
77765
78871
80000
81145
81930
79940
77526
76265
75910
76795
77870
78966
80100
81215
81490
78970
77201
76140
75685
76340
77395
78485
79571
80720
81685
80610
78126
76466
75969
76662
77763
78885
79986
81145
81595
79636
78064
77076
76596
77104
78180
79276
80410
81540
82421
80714
78575
77451
77170
78070
79225
80405
81591
82745
82467
79638
78131
77420
77221
77944
79060
80211
81380
82565
83525
81820
79023
77488
76940
77775
78900
80026
81190
82260
81640
78940
77426
76391
76114
76606
77674
78772
79895
81029
81935
80505
78291
76960
76290
76880
77960
79050
80201
81347
81993
80100
78246
77170
76505
76700
77655
78770
79916
81020
82135
81765
79186
77440
76340
76575
77605
78680
79801
80935
82035
81085
78686
77450
76540
76390
77025
78111
79215
80375
81536
82409
80826
78680
77415
76860
77395
78461
79566
80694
81815
81535
78805
77341
76425
76060
76691
77765
78876
79999
81120
82086
80920
78690
77135
76450
77035
78102
79239
80375
81520
82255
80366
78356
77169
76490
76725
77706
78825
79935
81051
82079
81156
78735
77385
76685
77025
78076
79205
80360
81516
82289
80437
78414
77145
76420
76457
77329
78446
79569
80725
81875
81756
79120
77305
76095
76047
77009
78066
79164
80305
81460
82001
79755
77876
76874
76100
76226
77170
78225
79330
80495
81636
82401
80369
77890
76455
75711
76215
77280
78355
79470
80600
81471
79676
77244
75995
75146
75070
75830
76895
78005
79116
80215
81180
80005
77430
75840
74846
75165
76200
77270
78355
79476
80550
79650
77110
75775
75021
74821
75514
76590
77685
78816
79945
81075
81035
78480
76511
75320
75165
76105
77205
78315
79443
80593
80970
78455
76556
75485
74795
75066
76019
77066
78145
79270
80400
81091
79006
76624
75295
74830
75596
76674
77791
78900
80045
80750
78746
76825
75865
75285
75445
76350
77446
78560
79675
80815
81415
79291
77070
75850
75510
76346
77415
78515
79640
80746
80170
77755
76560
75745
75595
76305
77361
78465
79565
80690
81620
80272
77744
76380
75745
76300
77346
78436
79569
80720
81610
79782
77589
76540
75765
75890
76821
77935
79045
80210
81350
81891
79575
77380
75920
75280
75998
77058
78165
79280
80375
81016
78785
76710
75615
74890
75060
75941
77005
78110
79230
80361
80940
78615
76390
75070
74706
75445
76491
77570
78654
79781
80460
78485
76585
75600
74950
75101
75990
77045
78150
79290
80401
81135
79370
77190
75905
75321
75955
77046
78134
79246
80375
80865
78655
76965
75980
75387
75674
76660
77740
78845
79951
81070
81335
79175
77420
76261
75790
76485
77545
78640
79781
80925
80795
78140
76550
75496
75015
75525
76565
77661
78804
79961
80985
79875
77270
75801
75045
75555
76630
77750
78885
79981
80687
78778
76900
76026
75530
75875
76890
77990
79117
80219
81250
80145
77720
76366
75506
75799
76840
77920
79045
80176
80721
78454
76760
75980
75692
76214
77267
78363
79505
80656
81656
80364
77900
76410
75776
76251
77314
78440
79600
80736
80855
78350
76770
75861
75585
76236
77304
78370
79460
80561
81270
79285
77077
75913
75421
76080
77120
78245
79390
80521
80585
78350
76990
76295
76086
76785
77875
78985
80130
81276
82245
80850
78370
76880
76110
76471
77525
78645
79790
80931
81225
78865
77315
76510
76230
76851
77965
79110
80270
81427
82254
80380
77900
76512
75873
76496
77585
78705
79835
80981
81435
79231
77504
76677
76189
76555
77551
78664
79800
80950
81911
80595
77852
76283
75435
75916
77031
78156
79278
80446
80935
78705
76895
75896
75444
75911
76980
78105
79225
80345
81306
80140
77555
76085
75272
75669
76730
77831
78924
80027
80605
78509
76685
75781
75339
75857
76914
77992
79128
80270
81111
79360
77011
75684
75035
75546
76590
77677
78788
79895
80441
78200
76310
75230
74820
75376
76420
77500
78600
79735
80696
79735
77350
75801
75181
75683
76741
77806
78889
79991
80039
77426
75915
75091
74819
75415
76436
77530
78641
79749
80750
79626
77075
75540
74740
74997
76005
77094
78210
79300
80181
78770
76810
75940
75346
75634
76646
77715
78820
79930
80996
80370
78010
76436
75639
75920
76926
78000
79115
80246
80909
78890
76966
76095
75720
76230
77275
78366
79467
80594
81609
80455
77736
76025
75185
75485
76485
77551
78670
79801
80424
78310
76426
75485
75100
75765
76820
77906
79026
80159
81101
79691
77264
75745
75200
75860
76920
78021
79125
80245
81005
79025
77056
76035
75495
75871
76869
77951
79060
80200
81270
80581
77914
76501
75835
76385
77425
78520
79616
80780
81525
79411
77395
76465
76070
76730
77815
78920
80051
81180
82260
81495
78850
77071
76460
77202
78295
79443
80601
81766
82076
79718
77831
76470
75900
76485
77535
78645
79796
80975
81860
80320
77991
76665
76175
76870
77975
79086
80225
81325
80745
78100
76681
75795
75640
76415
77515
78621
79735
80845
80985
78500
76621
75475
75460
76380
77465
78566
79655
80700
79820
77327
76045
75354
75525
76485
77570
78692
79815
80939
80830
78180
76200
75086
75185
76177
77253
78385
79506
80540
79470
76966
75831
75134
75175
76031
77114
78235
79381
80505
80876
78579
76496
75335
75050
75905
76980
78060
79156
80285
80645
78340
76670
75771
75220
75640
76617
77718
78846
79995
80965
79865
77250
75781
74860
75225
76255
77332
78479
79626
80549
79130
76965
75910
75251
75340
76175
77265
78355
79476
80595
81000
78641
76584
75391
75000
75755
76830
77935
79051
80180
80051
77664
76325
75636
75390
75990
77051
78134
79256
80390
81210
79535
77205
75706
74730
75100
76137
77193
78300
79427
80439
79690
77470
75945
74891
74600
75280
76385
77490
78586
79700
80545
78871
76504
75392
75120
75934
77030
78092
79199
80310
80465
78015
76305
75211
74765
75335
76376
77464
78566
79690
80650
79400
77126
75860
75695
76595
77680
78785
79925
80846
79355
77105
76030
75555
75741
76620
77681
78784
79916
81040
81640
79392
77208
75970
75701
76550
77650
78750
79902
81059
81790
79915
77950
76720
75816
75830
76675
77740
78845
79976
81131
81674
79220
77076
75735
75220
75960
77025
78120
79261
80405
81130
79080
76937
75759
74935
74895
75605
76655
77736
78830
79935
80882
79403
76976
75520
74705
75235
76306
77395
78495
79600
80635
79585
77271
75970
75100
74775
75230
76237
77314
78417
79533
80520
79311
76755
75395
74555
74917
75970
77054
78195
79285
80335
79486
77010
75720
74855
74535
75116
76140
77210
78335
79462
80533
79987
77439
75850
74990
75265
76286
77355
78455
79570
80520
79056
76765
75630
74845
74795
75596
76685
77790
78880
80040
80711
78780
76690
75630
75340
76187
77239
78335
79490
80565
79921
77755
76540
75642
75323
75866
76940
78020
79147
80288
81110
79461
77260
75930
75580
76370
77461
78575
79695
80785
80205
77611
76300
75600
75435
76065
77131
78255
79370
80500
81345
79626
77206
75929
75415
76055
77121
78225
79375
80501
80839
78436
76870
76015
75455
75785
76766
77855
78965
80075
81185
80716
78135
76445
75685
75970
77005
78096
79245
80370
81175
79476
77465
76400
75655
75765
76661
77736
78874
80002
81133
81276
78826
77059
76115
76070
76990
78077
79190
80329
81410
80881
78460
77135
76285
75945
76457
77500
78614
79765
80910
81950
80556
77915
76530
75855
76486
77580
78680
79800
80916
80969
78136
76415
75785
75486
76045
77105
78190
79307
80418
81381
80030
77485
76116
75614
76262
77319
78411
79519
80615
80480
78002
76674
75931
75514
75995
77016
78115
79230
80370
81285
79731
77305
75945
75410
76101
77170
78230
79345
80472
80468
77991
76580
75821
75529
76110
77146
78220
79330
80490
81201
79340
77061
75904
75515
76240
77336
78445
79595
80665
79950
77556
76390
75565
75360
76052
77124
78235
79350
80500
81185
79055
76761
75465
75130
75995
77125
78246
79390
80540
80315
77921
76600
75745
75415
75975
77052
78159
79265
80385
81110
79356
77200
76040
75785
76615
77700
78811
79925
80960
80105
77765
76427
75659
75560
76410
77490
78586
79715
80870
81460
79180
77051
75960
75880
76835
77905
79036
80180
81095
79690
77650
76581
76020
76055
76805
77915
79047
80174
81295
81156
78599
76976
76050
76235
77240
78331
79434
80581
81125
78986
77144
76282
75909
76345
77340
78435
79556
80700
81695
80595
78170
76756
76110
76565
77650
78755
79900
81041
81265
78825
77205
76376
75975
76406
77431
78483
79585
80732
81554
79915
77805
76685
76326
77065
78160
79260
80391
81425
80425
78117
76968
76265
76061
76845
77950
79075
80222
81320
80899
78160
76547
75663
75976
77007
78083
79190
80295
80406
78100
76515
75645
75225
75796
76860
77956
79084
80210
80981
79270
77100
75865
75460
76251
77316
78439
79545
80495
79156
76906
75889
75282
75313
76185
77281
78380
79465
80555
80471
77925
76130
75170
75215
76196
77280
78390
79510
80220
78280
76386
75645
75200
75515
76475
77541
78640
79760
80710
79601
77130
75800
75165
75667
76719
77815
78950
80035
79745
77301
75910
75161
74869
75507
76568
77677
78804
79920
80215
77840
76076
75180
75155
76072
77158
78261
79365
80180
78620
76590
75651
75125
75300
76225
77300
78421
79555
80536
79569
77085
75695
75131
75810
76870
77965
79091
80205
80270
78305
77075
76270
75971
76385
77415
78497
79613
80756
81270
79105
77130
76085
76146
77085
78166
79279
80405
81231
79700
77806
76974
76411
76585
77555
78655
79750
80860
81736
80315
78140
76950
76650
77421
78540
79650
80795
81490
79636
77620
76580
75920
76005
76871
77965
79060
80165
81240
80501
77911
76584
75890
76360
77421
78555
79700
80825
80615
78176
76910
76140
75970
76570
77646
78725
79835
80981
81219
78836
77080
76175
76170
77147
78245
79369
80515
81150
79280
77440
76553
75918
76166
77129
78225
79352
80504
81525
80395
77975
76586
76040
76651
77724
78815
79961
81065
80660
78120
76791
76156
75939
76635
77685
78780
79891
81025
81380
79200
77400
76437
76479
77420
78515
79635
80751
81505
79635
77590
76475
75791
76065
77050
78135
79240
80396
81480
80610
78245
76860
76366
77025
78150
79255
80375
81491
81515
78715
77045
76191
75850
76430
77460
78546
79670
80800
81805
80450
77885
76355
75671
76195
77265
78380
79495
80596
81041
78759
76920
75910
75386
75785
76755
77830
78935
80075
81156
80765
78310
76765
76116
76510
77580
78670
79780
80921
81105
78780
77110
76285
75881
76430
77475
78580
79700
80846
81745
80245
78041
76574
75991
76705
77790
78875
80015
81091
80480
77870
76555
75790
75556
76255
77325
78410
79522
80654
81205
79080
77160
76035
75785
76626
77700
78815
79930
80951
79950
77560
76415
75720
75700
76551
77645
78750
79880
81010
81021
78505
76750
75940
76280
77337
78444
79550
80700
81120
78836
77075
76275
75775
76216
77245
78356
79499
80640
81585
80186
77890
76640
76291
77049
78136
79240
80400
81410
80190
77896
76890
76356
76474
77345
78436
79565
80695
81816
81784
79291
77400
76325
76475
77495
78581
79712
80838
81425
79291
77430
76475
75985
76455
77490
78566
79692
80853
81765
80235
77933
76513
76030
76780
77860
78951
80095
81200
80615
78040
76661
75895
75765
76545
77625
78740
79872
81004
81475
79426
77525
76445
76355
77270
78396
79519
80666
81601
80059
77660
76640
75986
76065
76972
78038
79125
80256
81326
80560
78099
76605
75861
76420
77500
78625
79795
80962
81351
78928
77070
76210
75771
76245
77285
78345
79441
80590
81315
79465
77405
76330
76196
77100
78225
79335
80456
81485
80440
77941
76661
76020
75959
76770
77845
78930
80030
81161
81150
78675
76765
75796
76040
77080
78190
79317
80459
81285
79440
77215
76135
75495
75641
76535
77612
78703
79820
80881
80345
77970
76455
75830
76341
77410
78505
79620
80721
80695
78355
76980
76140
75725
76241
77310
78440
79560
80670
81076
78991
77119
76095
76097
77044
78115
79255
80381
81139
79301
77280
76395
75796
75964
76906
78005
79096
80234
81220
80066
77565
76265
75825
76445
77521
78621
79724
80830
80785
78626
77085
76155
75695
76200
77260
78336
79440
80585
81205
79181
77051
75884
75640
76535
77610
78721
79820
80657
78958
76700
75821
75270
75435
76365
77440
78541
79665
80670
79840
77475
76216
75917
76683
77805
78906
80050
81066
79910
77689
76576
76050
76110
76945
78050
79160
80286
81416
81219
78810
77175
76261
76421
77440
78524
79671
80825
81640
79925
77795
76730
76191
76270
77155
78225
79335
80461
81515
80435
77896
76654
76062
76544
77627
78708
79825
80972
81579
79550
77702
76719
76010
76210
77192
78288
79410
80520
81466
80291
78064
76790
76365
77061
78155
79270
80435
81611
81595
79195
77735
76932
76514
77070
78170
79310
80445
81600
82341
80430
78305
77125
76807
77585
78689
79840
80995
82032
80924
78500
77265
76487
76313
77092
78199
79335
80471
81595
81605
79100
77315
76462
76503
77411
78505
79640
80780
81445
79366
77410
76440
75805
75931
76860
77935
79020
80140
81206
80450
78101
76664
76035
76405
77431
78515
79620
80730
80951
78780
77150
76285
75720
75981
76935
78010
79115
80245
81080
79626
77725
76600
76215
76987
78049
79160
80280
81355
80675
78296
77035
76315
75900
76370
77416
78515
79645
80787
81138
78891
77075
76072
76054
76984
78081
79190
80327
81324
80274
78076
77025
76322
76173
76785
77851
78950
80091
81214
80980
78446
76765
75775
75740
76697
77749
78825
79965
80975
80050
77981
76470
75410
75070
75675
76751
77840
78960
80060
80865
79171
77035
76055
76055
76960
78050
79166
80295
81300
80300
77835
76681
75831
75709
76490
77606
78740
79885
81045
81470
79232
77184
75970
76035
77045
78121
79245
80385
81030
78910
76875
75796
75265
75565
76550
77640
78786
79930
80980
80100
77766
76330
75680
76201
77269
78370
79511
80665
81120
78975
77211
76190
75595
75820
76800
77877
78994
80145
81045
79610
77360
76091
75665
76380
77460
78582
79689
80675
79540
77335
76240
75725
75731
76575
77652
78728
79846
80975
80795
78300
76590
75801
76145
77200
78310
79461
80624
80906
78685
77015
76232
75824
76220
77235
78325
79445
80566
81490
80105
77990
76770
76372
77104
78180
79295
80425
81491
80680
78405
77255
76535
76360
77086
78186
79304
80470
81611
81790
79360
77415
76415
76505
77496
78611
79729
80841
81530
79610
78055
77691
77784
78611
79760
80921
82081
83263
84461
85650
86872
88123
89407
90704
92025
93360
94740
96131
97530
98920
100360
101821
103306
104794
106300
107856
109430
111020
112661
114315
115965
117655
119351
121115
122892
124755
126664
128580
130491
132450
134437
136474
138520
140615
142716
144880
147070
149311
151580
153816
156090
158430
160801
163250
165756
168320
170887
173519
176156
178830
181576
184360
187230
190156
193105
196027
199084
202161
205295
208521
211835
215126
218506
222070
225730
229401
233036
236776
240630
244575
248611
252782
256989
261246
265611
270140
274796
279601
284535
289516
294636
299811
