3734132
2608611
466376
394506
358876
364696
373706
383301
393506
403716
413046
371647
273895
262466
255865
207955
172466
152990
143200
142351
144635
143631
132605
123005
116391
113615
114180
115932
117715
117694
111847
105824
102035
101080
102180
103711
105275
105870
101925
98426
95680
94130
94695
96036
97430
98865
98896
95010
91555
89337
89483
90776
92135
93535
94855
93631
90125
87520
86155
85991
87111
88385
89679
91010
91322
88494
85850
84115
84115
85307
86579
87895
89250
89705
87456
85605
84515
84375
85416
86675
87960
89180
88280
85881
83790
82945
83665
84901
86150
87427
88553
87580
85426
84206
83764
84425
85686
86965
88270
89510
88355
85051
82840
81655
82101
83324
84581
85860
87135
86825
84070
82166
81330
81470
82582
83785
85039
86330
87310
85215
82536
80910
80585
81545
82740
83946
85190
86460
86660
84392
82594
81490
81295
82240
83435
84671
85915
87070
86271
83721
81829
80890
81325
82486
83715
84960
86185
86672
84384
82295
81125
80796
81609
82807
84029
85250
86480
85930
83047
81049
79820
79920
81016
82210
83461
84714
85827
84699
82300
80660
79830
80125
81226
82426
83675
84939
85845
83916
81455
79945
79575
80516
81695
82910
84130
85365
85541
83190
81140
79795
79396
80290
81460
82665
83895
85180
85531
83140
81137
79925
79713
80741
81975
83220
84485
85761
86115
83795
81895
80600
80246
81126
82299
83510
84740
85937
85374
82000
79822
78648
79106
80221
81369
82525
83735
84887
84565
82484
80257
78868
78656
79580
80760
81945
83186
84410
84355
81580
79575
78387
78524
79616
80814
82012
83234
84395
84040
82255
80800
79757
79744
80760
81935
83126
84335
85316
83839
81595
80186
79910
80815
82041
83284
84540
85781
85340
82335
80075
78706
78420
79361
80554
81745
82941
84161
83854
80825
78687
77209
77355
78430
79600
80770
81966
83135
83005
80550
78691
77675
77570
78530
79695
80885
82091
83315
83110
80650
78860
77831
78075
79210
80415
81600
82816
84005
83475
80580
78571
77455
77475
78480
79625
80802
82004
83166
82489
79665
77906
76931
77114
78150
79310
80490
81671
82830
82715
80162
78214
77085
77085
78050
79175
80335
81496
82680
82555
80075
78156
77065
77185
78195
79315
80456
81615
82780
83270
80660
78406
77191
76819
77605
78690
79820
80961
82110
82767
80283
77906
76405
75945
76785
77890
79046
80185
81355
82465
81750
79251
77445
76465
76695
77775
78926
80080
81235
82380
81925
78961
77070
75955
76145
77195
78301
79460
80635
81845
82660
80776
78650
77305
76837
77465
78589
79755
80900
82105
82860
80531
78330
76870
76455
77285
78456
79640
80845
82091
82939
81151
79010
77766
77369
78060
79166
80315
81505
82730
83271
80690
78520
76970
76495
77275
78416
79600
80767
81938
82605
80731
78715
77557
77008
77615
78776
79940
81147
82363
83175
80977
78469
76945
76382
77288
78446
79620
80795
81990
82820
81376
79305
77980
77390
78041
79155
80295
81455
82630
82687
79934
77595
76105
76095
77125
78286
79430
80595
81750
81977
80139
78515
77625
77490
78385
79516
80685
81880
83080
83065
80266
78185
76702
76333
77270
78406
79545
80721
81919
82345
80356
78345
76980
76455
77115
78211
79340
80510
81685
82326
80045
77545
76035
75595
76375
77476
78585
79695
80850
81980
81501
79221
77515
76394
76146
76950
78070
79187
80343
81515
81861
79725
77650
76250
75941
76856
78004
79165
80335
81506
81900
79885
78121
77044
76546
77185
78300
79440
80570
81760
82576
81102
78813
77045
76331
77111
78259
79450
80635
81861
82975
81955
79275
77540
76445
76721
77815
78981
80189
81430
82641
82365
79521
77515
76575
77035
78165
79345
80565
81811
83035
84015
82625
80205
78401
77440
77795
78920
80100
81311
82515
83635
82110
78931
77015
75905
76095
77215
78360
79556
80770
82000
82595
80740
78661
77262
76803
77545
78715
79916
81140
82365
82940
80792
78789
77630
77620
78690
79900
81116
82325
83550
84110
82210
80036
78615
78315
79240
80430
81621
82850
84080
83825
80991
78476
77059
77201
78276
79404
80605
81786
82999
84240
85510
86791
88105
89436
90819
92231
93660
95170
96680
98191
99770
101345
102935
104566
106200
107885
109580
111296
113030
114806
116635
118500
120390
122296
124250
126235
128270
130327
132434
134586
136760
138955
141221
143545
145865
148237
150679
153161
155720
158300
160886
163555
166270
169011
171852
174699
177690
180736
183856
186990
190140
193466
196845
200396
204042
207740
211469
215251
219185
223246
227490
231892
236336
240934
245646
250495
255521
260731
266106
271500
277236
283070
289126
295341
301801
308596
315540
322781
330146
337801
345876
354386
363376
372601
382315
392347
403102
414475
422496
394186
394196
379751
352096
339860
340686
348136
353006
330041
302356
282361
277145
282236
285532
269716
253069
243380
244391
249136
253915
258941
264031
269385
274906
280581
286395
273926
240361
217735
205036
202157
205249
208955
208481
196825
185201
176467
174380
176944
179951
177855
164586
153100
144585
140186
140015
142165
144471
145920
139075
130837
123849
120140
119591
121240
123135
125076
124236
118409
113741
110360
108965
109830
111481
113170
114820
114270
112576
111320
110715
111621
113335
115025
116765
116416
112950
109930
107051
105635
106351
107949
109531
111200
111660
108535
105341
102946
102324
103601
105170
106757
108348
108226
105370
102835
100545
99646
100735
102260
103860
105461
106135
103085
100015
97671
97120
98355
99855
101367
102919
104080
101721
98685
96495
95285
95800
97191
98660
100140
101605
100791
97715
95067
93425
93399
94575
95980
97431
98885
99265
96307
94078
92466
91645
92235
93560
94936
96350
97585
95765
93172
91359
90685
91536
92869
94281
95701
96986
95689
93080
91065
89725
89820
91081
92415
93805
95256
95950
93320
90555
88735
88810
90026
91345
92676
94024
95381
95890
93692
91359
89625
89095
89985
91315
92655
94026
95340
94720
90886
88120
86275
86310
87487
88789
90100
91455
92810
92801
90605
88700
87385
87076
88095
89405
90745
92085
93470
93251
90035
87565
85890
85797
86919
88202
89513
90851
92200
93100
91295
89456
88060
87305
87865
89105
90381
91675
92990
92795
89501
87106
85534
85220
86195
87471
88725
90027
91333
91261
89205
87435
86225
86141
87235
88535
89885
91265
92376
90535
87595
85305
84361
85235
86530
87831
89189
90532
91694
90855
88885
87251
86475
87140
88425
89726
91030
92330
91830
88115
85530
83861
83780
84840
86090
87356
88640
89875
89255
86771
84970
83975
84180
85315
86551
87835
89140
89985
87735
85108
83278
82425
83035
84225
85451
86687
87943
89065
88026
86185
84865
84270
84655
85856
87130
88455
89770
90651
88110
85295
83635
83110
83941
85170
86425
87680
88981
89875
88070
85935
84445
83881
84505
85745
86995
88276
89526
90404
88030
85102
83179
82560
83480
84690
85900
87146
88425
89425
88040
85881
84305
83405
83750
84970
86211
87450
88730
89760
87986
85235
83015
82075
82735
83956
85175
86410
87665
88730
87526
85367
83759
82834
83166
84330
85570
86810
88087
88974
86770
83925
81940
81135
81887
83089
84282
85523
86791
87900
86992
84843
83295
82421
82745
83925
85185
86491
87835
89070
87880
84910
82771
81810
82595
83871
85135
86465
87775
89095
89417
87259
85280
83900
83685
84750
86006
87275
88572
89818
88750
85471
83140
81820
82185
83367
84584
85820
87070
88336
88405
86035
83985
82585
82386
83366
84585
85819
87055
88311
88130
84940
82590
81211
81390
82550
83775
85000
86246
87500
88170
85975
83685
82106
81656
82469
83720
84946
86205
87475
88420
86235
83416
81440
80605
81331
82529
83776
85030
86290
87470
86690
84471
82715
81655
81675
82745
83936
85175
86410
87495
86226
83260
81195
80120
80751
81955
83195
84425
85680
86956
86820
84475
82520
81125
80880
81811
83027
84243
85497
86744
87115
84625
82295
80645
80281
81232
82423
83640
84880
86121
87150
86005
83855
82291
81450
82190
83410
84685
85971
87240
88216
86459
83645
81576
80800
81625
82856
84115
85345
86595
87085
84617
82429
81230
80820
81715
82905
84151
85420
86720
87375
84685
81921
80235
79960
80985
82170
83376
84635
85941
87024
85756
83165
81215
80270
80825
82006
83215
84410
85645
85787
82855
80444
78765
78520
79536
80710
81905
83135
84365
84821
83080
81420
80270
80136
81150
82360
83605
84832
86074
87025
85380
82730
81045
80431
81240
82455
83665
84920
86161
86476
83969
81775
80375
80071
81110
82325
83555
84797
86054
86066
82906
80645
79298
79261
80380
81555
82765
83996
85270
85355
82700
80790
79696
79740
80845
82075
83300
84551
85816
86055
83030
80640
79225
79175
80276
81484
82731
83995
85245
86330
84975
82341
80765
79925
80355
81510
82701
83890
85130
86130
83946
80965
79285
78532
79103
80295
81521
82775
84051
85315
85340
83010
81255
80145
80060
81036
82255
83500
84765
85985
85186
81900
79781
78504
78520
79576
80760
81975
83175
84370
84411
81956
80354
79395
79355
80366
81540
82715
83920
85111
85090
82100
79916
78564
78366
79380
80515
81685
82866
84085
84525
82180
80305
79245
78737
79454
80645
81860
83076
84270
84520
81740
79570
78211
78050
79000
80205
81420
82662
83889
84390
82171
80319
79390
79241
80251
81449
82665
83926
85165
85220
82180
79780
78226
77895
78845
79990
81145
82326
83555
84365
82830
80895
79636
79120
79840
80980
82191
83415
84646
85014
82332
80168
78767
78429
79335
80490
81651
82825
84055
84715
82340
80221
79145
78765
79580
80735
81941
83125
84320
84167
81153
79056
77905
77695
78685
79858
81048
82235
83410
83670
81251
79555
78720
78565
79515
80665
81836
83032
84208
83970
80881
78781
77616
77506
78497
79636
80820
81985
83185
83285
80801
78981
78039
77895
78805
79933
81063
82240
83400
83380
80576
78451
77184
77160
78177
79319
80495
81650
82846
83570
81840
80010
78845
78575
79395
80551
81731
82934
84145
84827
81939
79145
77582
76948
77735
78861
79985
81140
82320
83506
83805
81410
79215
77820
77581
78570
79705
80870
82035
83181
83135
80080
77960
76675
76681
77705
78815
79950
81105
82271
83215
82316
80719
79285
78726
79395
80560
81705
82860
84026
84665
82230
79520
77695
77176
77970
79095
80256
81414
82611
83755
83350
81340
79602
78479
78515
79565
80725
81901
83105
84260
83655
80816
78619
77376
77695
78815
79965
81155
82366
83610
84272
82758
80756
79116
78484
79240
80390
81551
82735
83900
83515
80392
78109
76690
76765
77835
78991
80145
81290
82425
83370
82195
79971
78110
77336
77879
78995
80141
81300
82480
83450
81935
79291
77480
76775
77425
78552
79704
80890
82095
83305
83252
80919
79110
78205
78275
79355
80491
81660
82875
84100
83795
80711
78591
77284
77180
78200
79316
80490
81675
82900
83350
81186
79390
78435
78441
79470
80675
81885
83140
84302
83789
80605
78635
77490
77500
78587
79784
81005
82240
83490
84251
82390
80270
78760
78505
79486
80675
81882
83118
84351
84340
81455
79245
77765
77255
78111
79265
80436
81644
82856
83496
81759
80110
79030
78755
79631
80830
82045
83255
84421
83430
80280
78446
77384
77526
78615
79770
80960
82185
83411
83045
80625
79120
78345
78671
79771
80929
82120
83330
84191
82050
79250
77465
76555
77031
78150
79290
80445
81610
82661
81696
79604
78502
78054
78725
79880
81060
82271
83494
84006
81221
78599
77155
76737
77644
78795
79935
81085
82301
83285
82085
80060
78745
78337
79059
80180
81400
82621
83830
84665
82350
79585
78020
77336
78025
79150
80300
81460
82631
83715
82755
80480
79080
78281
78530
79630
80800
81975
83171
84245
82800
79850
78022
77129
77570
78675
79805
80995
82216
83450
83905
81790
79896
78645
78250
79095
80235
81390
82571
83755
84155
81455
78966
77425
76985
77916
79040
80184
81361
82535
83711
83409
80776
78795
77610
77615
78650
79806
80955
82125
83282
82924
79895
78005
76855
76790
77790
78872
80009
81115
82295
83335
82462
80434
78810
77836
78084
79171
80330
81500
82700
83805
82761
79550
77775
76740
76990
78071
79190
80331
81519
82737
83735
82454
80515
79350
78866
79445
80600
81775
82980
84172
84554
81920
79575
78041
77609
78481
79625
80745
81892
83033
83841
82300
80395
79160
78586
79255
80405
81586
82809
84076
84465
81452
78858
77540
77251
78250
79460
80655
81887
83104
83635
81630
79705
78470
78256
79165
80365
81545
82755
83961
84160
81325
79125
77831
77806
78829
80017
81203
82391
83590
84485
82905
80830
79471
78960
79745
80905
82090
83291
84500
83970
80800
78645
77416
77640
78740
79926
81104
82306
83530
83750
81565
79841
78815
78855
79875
81060
82291
83520
84691
83944
80730
78836
77730
77965
79070
80255
81460
82641
83865
84860
83340
81231
79541
78774
79346
80479
81671
82890
84075
84665
82120
79651
78175
77680
78525
79685
80896
82105
83335
84425
83410
80886
78985
77870
78055
79145
80296
81445
82636
83644
81975
79016
77260
76260
76780
77891
79045
80220
81425
82635
83641
82625
80605
78835
78005
78591
79785
81005
82250
83502
84439
82540
79775
78017
77133
77771
78950
80155
81365
82595
83846
84690
83080
80815
78985
78121
78680
79865
81095
82320
83571
84825
84865
81770
79481
77870
77380
78265
79445
80636
81850
83081
84329
84425
82035
79821
78200
77907
78843
80027
81224
82455
83705
84675
82426
79445
77630
76650
77055
78166
79335
80515
81705
82925
83701
82145
80315
78880
78155
78906
80085
81295
82535
83817
84550
81979
79336
77729
77006
77681
78849
80046
81264
82511
83665
83085
81675
80761
80560
81300
82500
83720
85015
86326
87310
86610
86030
86680
87941
89265
90591
91949
93331
94725
96145
97581
99010
100460
101940
103460
105021
106590
108215
109871
111540
113197
114918
116691
118500
120325
122161
124010
125922
127885
129869
131855
133876
135965
138050
140161
142345
144627
146894
149201
151604
154071
156565
159100
161686
164305
166986
169790
172641
175555
178436
181405
184496
187605
190830
194086
197450
200896
204420
208072
211740
215520
219346
223350
227476
231596
235815
238551
236671
239970
244442
230654
197820
175821
163980
158436
158265
160815
163516
165825
160331
153360
146671
142795
142740
144911
147270
149580
146887
139174
133056
129365
128955
130786
132795
134895
135956
131355
128185
125160
123061
123221
125049
126986
128935
129011
124355
119970
116825
115771
116980
118755
120561
122376
122344
117430
113707
111204
110285
111196
112860
114585
116340
116536
113360
110532
108584
108345
109690
111336
113000
114685
116190
113845
110216
107215
105610
106181
107710
109295
110875
112546
113745
110180
105461
102075
100460
101170
102696
104250
105785
107400
109002
108554
105015
101937
99874
99725
101056
102574
104101
105685
107210
106066
101715
97710
95215
95101
96460
97925
99411
100894
102426
103655
101760
99211
96990
95940
96630
98080
99526
101000
102485
104000
103433
99568
96165
93595
92906
94000
95405
96860
98316
99795
101270
101520
98901
96200
94025
93420
94406
95830
97275
98720
100201
101617
100378
96557
93394
91530
91500
92705
94021
95395
96765
98206
99635
99540
97060
94930
93116
92665
93770
95160
96541
97965
99395
100635
98630
94981
92156
90904
91701
93060
94440
95840
97226
98625
97845
94875
92667
91924
92710
94050
95420
96821
98220
99672
99423
95546
92345
90231
89856
91028
92381
93750
95125
96516
97715
96385
94025
92205
91406
92075
93450
94875
96306
97755
99210
100660
101596
102890
104455
106050
107686
109335
111006
112670
114400
116100
117850
119631
121480
123371
125285
127225
129185
131256
133345
135495
137701
139966
142259
144646
147025
149471
151920
154412
156944
159575
162256
165000
167792
170629
173565
176586
179635
182736
185925
189136
192425
195781
199255
202841
206535
210366
214250
218141
222175
226311
230560
234936
239311
243900
248506
253396
258355
263476
268730
274126
279776
285581
291542
297764
304186
310911
317785
324952
332415
340106
348286
356636
365491
374617
384110
393996
404226
415291
426736
438721
451531
464896
479492
494561
511066
528706
547877
568541
590702
615361
641597
670947
702897
740336
783872
836943
898367
957592
1021629
1084217
1167414
1272191
1407729
1589594
1859610
2312356
3512356
3449483
2000049483
2840509443
329676
266626
270606
276165
281836
287641
293741
299781
306050
312526
312725
275561
239011
224442
225749
229756
211625
172731
148910
137310
133191
134322
136509
138740
137425
128850
121416
116500
114715
115731
117480
119295
120890
118541
114496
110609
108846
109790
111465
113170
114131
110300
106645
103810
102586
103405
104967
106594
108246
109181
105453
100306
96685
95490
96335
97761
99220
100725
101345
98211
95460
93670
92891
93575
94935
96340
97780
98821
96435
92575
89230
87566
88060
89360
90666
92024
93316
92225
89360
87121
85580
85535
86670
87950
89281
90615
90245
86925
84475
82921
83095
84260
85490
86770
88081
88475
86496
84674
83472
83259
84175
85425
86685
88000
88976
87025
84360
82430
81611
82175
83390
84641
85899
87141
87155
84975
83065
81970
81806
82820
84037
85308
86581
87800
87020
84300
82400
81466
81895
83065
84296
85595
86880
87015
85125
83475
82421
82246
83159
84416
85709
86997
88129
86800
84185
82365
81596
82340
83570
84790
86056
87300
87460
85416
83569
82382
82134
83070
84270
85500
86781
87870
86481
83824
81936
81320
82130
83375
84625
85921
87182
87193
85120
83486
82460
82435
83465
84720
85991
87280
88375
86795
84086
82205
81497
82338
83582
84849
86130
87400
87475
85370
83571
82555
82635
83710
84990
86271
87555
87875
85345
83066
81506
81434
82495
83760
85031
86315
87560
87132
84728
82956
81880
81915
82985
84200
85416
86650
87257
85209
83500
82495
82570
83660
84846
86080
87335
87385
85455
83880
82947
83284
84445
85680
86981
88257
87933
85265
83010
82331
83240
84450
85675
86901
87940
87095
85330
83635
82781
83205
84385
85632
86893
88106
87150
84185
81890
80605
80901
82040
83220
84445
85701
86195
84150
82115
80775
80546
81470
82685
83925
85195
86332
85589
83125
81120
79986
80405
81540
82707
83928
85141
85126
82844
80825
79485
79296
80210
81360
82571
83800
84820
83740
81642
79723
78950
79701
80845
82040
83276
84509
84811
82825
81010
79725
79620
80641
81850
83095
84356
85185
83395
81095
79110
78610
79656
80835
82045
83280
84342
83564
81531
79849
78830
79251
80415
81610
82845
84100
84345
82436
80175
78710
79220
80411
81615
82840
84066
85225
85030
83930
82625
81795
81990
83161
84395
85660
86935
86696
83115
80712
79693
80145
81316
82545
83805
85030
85095
82996
81175
80095
80015
80990
82196
83365
84620
85615
83975
81566
79960
79525
80465
81636
82830
84070
85250
84560
82291
80820
80112
80403
81522
82729
83962
85208
85365
82665
80631
79275
79290
80405
81610
82811
84055
84895
83380
81316
79930
79620
80490
81690
82926
84150
85375
84630
81710
79717
78609
79020
80170
81360
82556
83780
84045
81965
80207
79115
78819
79640
80815
82035
83281
84405
82961
80119
78451
77735
78295
79430
80620
81822
83044
82960
80586
78844
77930
77981
79010
80210
81420
82665
83796
82850
80310
78715
77906
78512
79673
80840
82027
83214
83960
82150
80315
79225
78946
79805
80970
82165
83385
84521
83421
80794
79105
78401
79035
80217
81430
82653
83885
83736
81255
79520
78490
78460
79456
80650
81862
83098
84221
82980
80295
78830
78375
79180
80351
81545
82740
83935
84136
81450
79450
78110
77900
78896
80040
81225
82417
83523
82646
79995
78265
77595
78385
79536
80690
81855
82990
83081
81470
79900
79155
79615
80735
81926
83140
84360
83910
81566
79535
78710
79420
80585
81757
82960
84069
83650
81541
79465
78435
78765
79892
81078
82276
83465
83436
80909
78851
77615
77986
79114
80250
81380
82557
83354
81775
79640
78250
77921
78712
79864
81019
82220
83326
82141
79644
78115
77781
78750
79895
81065
82235
83326
82955
81165
79725
79145
79646
80750
81900
83125
84315
84121
81250
79225
78305
78745
79906
81120
82340
83520
83627
81959
80410
79370
79540
80645
81846
83070
84281
84394
81860
79706
78675
79182
80353
81562
82774
83985
84362
82293
80482
79414
79525
80602
81778
83011
84190
83825
81065
78920
77647
78029
79180
80355
81520
82741
83585
82155
80090
78530
78216
79160
80325
81545
82790
83701
81605
79250
77890
77520
78426
79620
80860
82110
83315
83031
80940
79237
78349
78604
79726
80950
82180
83415
83576
80840
78510
77185
77162
78193
79376
80570
81770
82735
81226
78915
77700
77335
78030
79166
80345
81565
82765
82835
80276
78336
77450
77754
78851
80030
81215
82445
83392
81938
79846
78690
78345
79020
80170
81401
82630
83850
83266
80209
78336
77395
77840
78985
80175
81376
82595
83325
81485
79425
78372
78399
79425
80590
81782
82979
83646
81659
79501
78356
78584
79690
80845
82035
83225
83801
82160
80210
78835
78621
79505
80660
81810
82990
83760
81611
78855
77135
76665
77575
78686
79830
80985
82075
81691
79680
78380
78075
78755
79882
81029
82220
83455
83640
80816
78400
76880
76760
77775
78906
80085
81220
82280
81246
79110
77840
77395
78005
79130
80226
81385
82560
82045
79116
77386
76579
76880
77965
79110
80286
81480
82390
81110
79096
78065
77750
78480
79630
80785
81976
83120
82320
79530
77821
77005
77491
78619
79780
80950
82116
82580
80620
78875
77796
77625
78500
79650
80822
82009
83105
81930
79115
77650
77110
77706
78850
80000
81165
82325
82421
80450
78645
77471
77255
78090
79225
80360
81555
82626
81670
79335
77980
77225
77866
79025
80225
81460
82645
83611
82235
79962
78648
77820
78311
79445
80615
81795
82992
82674
80017
78163
77145
77480
78596
79760
80945
82090
82962
80904
78480
77555
77370
78185
79326
80490
81691
82879
83670
82006
79860
78596
78579
79625
80791
82005
83235
84480
85726
86995
88295
89607
90958
92306
93700
95095
96575
98082
99609
101146
102689
104221
105765
107366
109029
110706
112385
114075
115796
117520
119310
121126
122935
124790
126701
128676
130654
132681
134745
136865
139055
141231
143435
145681
147940
150310
152791
155340
157866
160420
163006
165650
168292
170989
173685
176456
179320
182255
185251
188266
191340
194500
197681
200995
204341
207851
211395
215001
218707
222470
226374
2000106695
3991821230
309502
286454
292597
298515
304761
305772
294074
296836
302991
271050
202811
167890
149896
142290
142525
144811
147085
143780
132466
123065
117266
114905
115635
117350
119110
118906
113625
108500
104912
103845
104779
106325
107891
109335
106940
103010
100311
98845
98810
100041
101565
103116
104680
104195
98791
94474
91745
91246
92346
93751
95163
96571
97760
96140
93045
90845
89356
89465
90685
92045
93396
94801
96164
95140
91361
88315
86650
86835
88070
89376
90670
91980
93345
93646
90920
88490
86970
86351
87060
88265
89565
90875
92251
93640
94350
91930
88921
86616
85789
86550
87850
89151
90420
91765
93080
92966
90230
87810
86430
86371
87470
88760
90055
91407
92769
92955
89930
87275
85436
85592
86813
88095
89420
90727
92049
92205
89580
87026
85240
84790
85765
87040
88311
89605
90910
91975
89966
86935
84715
83845
84580
85796
87050
88340
89675
90906
90650
88140
85750
84295
84292
85414
86700
87990
89326
90675
90877
88068
85566
83940
83905
85030
86301
87594
88886
90235
90695
88150
85886
84185
83365
84005
85235
86506
87810
89095
90380
89771
86430
84061
82554
82681
83845
85070
86320
87580
88856
89745
87815
85120
83345
82346
82795
83955
85190
86420
87691
88965
89280
86840
84416
82570
82515
83615
84831
86055
87330
88595
89805
88911
86000
83740
82590
83246
84445
85690
86951
88214
89511
90265
87535
84345
81915
81421
82450
83680
84910
86136
87377
88658
89646
87644
84641
82465
82295
83415
84605
85821
87075
88330
89635
90336
87435
84175
81947
81894
83010
84215
85445
86700
87987
89239
89980
87775
84555
82241
81915
82955
84125
85371
86600
87835
89092
88938
85656
82760
81065
81465
82640
83846
85070
86305
87555
88775
88252
85449
82950
81530
82060
83206
84405
85620
86880
88126
89261
87424
83490
81166
80401
81164
82367
83563
84761
86001
87229
87812
85698
83236
81590
81555
82646
83834
85021
86275
87545
88720
87291
84015
81790
81065
81915
83091
84305
85535
86790
87970
87106
84275
82130
80915
81175
82246
83460
84665
85885
87096
86935
83891
81479
80080
80431
81570
82780
83960
85205
86426
86610
84647
82513
81266
81425
82550
83735
84945
86166
87400
88475
87140
83935
81386
80705
81725
82900
84100
85291
86490
87430
86230
84146
82335
81586
82354
83531
84715
85940
87175
88100
86661
83925
81415
80635
81635
82816
84026
85255
86494
87645
87066
84840
82690
81350
81720
82926
84150
85380
86661
87949
89011
87035
83720
81305
80551
81515
82725
83935
85200
86441
87730
88250
86110
83576
81750
81090
81965
83140
84337
85579
86870
88105
87265
83836
81055
79382
79708
80846
82040
83225
84441
85624
85631
83635
82020
81035
81320
82471
83685
84920
86140
87391
87535
84740
81850
79970
79936
81005
82185
83380
84610
85856
86775
85520
83385
81755
81216
82130
83361
84604
85857
87139
87785
85300
82250
79946
79525
80545
81712
82873
84106
85345
86550
86735
85366
83650
82085
82035
83112
84304
85490
86726
87974
88200
84972
82154
80055
79620
80610
81761
82930
84132
85338
86136
84180
81650
79820
79170
79861
81005
82190
83395
84620
85836
85335
82410
80110
78942
79484
80620
81815
83050
84266
85540
85625
83275
81585
80516
80230
81085
82295
83530
84805
86061
86817
84535
81808
79941
79405
80330
81546
82794
84061
85305
86517
86148
83617
81406
79988
80080
81185
82396
83610
84850
86101
86199
83286
80941
79404
79250
80295
81456
82675
83875
85096
85996
84400
82135
80449
79690
80291
81435
82625
83855
85075
86222
85179
82125
80090
78875
79192
80324
81500
82685
83866
85070
85885
83975
81750
80196
79435
80045
81200
82365
83565
84786
85900
84610
81585
79731
78810
79325
80520
81737
83009
84295
85530
85970
83646
81605
80150
79770
80600
81795
82961
84160
85375
86450
84926
82086
80214
79405
80100
81281
82505
83755
85030
86320
86242
83439
81590
80360
80157
81109
82340
83570
84815
86036
86685
83860
81331
79554
78975
79781
80951
82164
83385
84646
85720
84590
82270
80765
79937
80204
81325
82525
83745
85016
86230
85281
82169
79731
78535
79120
80285
81435
82630
83781
85025
85530
83690
82116
81110
81050
82055
83252
84434
85690
86940
87695
84916
81895
79740
78970
79825
80986
82155
83370
84555
85790
86396
84925
83325
81970
81455
82227
83434
84640
85880
87137
87654
85146
82459
80480
80096
81075
82265
83430
84675
85907
86664
84830
82736
81289
80761
81515
82677
83868
85111
86370
87430
85887
82798
80656
79465
79870
80985
82160
83351
84550
85710
85281
83435
82175
81395
81516
82529
83740
84986
86230
87460
87410
84091
81700
79975
79670
80656
81860
83040
84245
85465
86321
84745
82935
81585
80947
81453
82616
83810
85060
86350
87421
85545
82465
80490
79452
80034
81200
82405
83620
84875
86121
86895
84915
82607
80948
80421
81140
82340
83580
84851
86150
87310
85625
82452
80289
79060
79495
80590
81775
82981
84200
85435
86000
83841
81720
80200
79620
80280
81472
82719
83980
85260
86255
84216
81200
79365
78385
78901
80070
81275
82485
83725
84955
84956
82780
81090
79875
79487
80249
81455
82670
83895
85136
85950
83740
80910
79100
78411
79141
80274
81435
82620
83826
85050
85070
83005
81215
79896
79545
80326
81469
82641
83821
85039
85715
83405
80851
78980
78335
79155
80260
81421
82590
83780
84765
83440
81331
80055
79286
79544
80605
81776
82965
84210
85475
86095
83532
80859
79065
78720
79666
80827
82008
83227
84434
85480
84236
81934
80450
79491
79741
80819
81987
83163
84371
85585
85666
83284
81076
79410
79360
80395
81545
82730
83921
85090
85360
82885
80595
79251
78860
79700
80835
81995
83192
84409
85485
84015
81030
79116
78221
78754
79885
81050
82191
83350
84510
84375
82287
80625
79634
79670
80680
81885
83071
84295
85535
86345
84216
81390
79425
78480
78940
80056
81210
82365
83565
84635
83976
81955
80605
79800
79935
80961
82145
83350
84565
85785
86001
83065
80585
78990
78715
79656
80811
82004
83205
84436
85251
83369
81125
79910
79361
80006
81129
82310
83485
84671
85895
86840
87886
89160
90470
91840
93175
94555
95951
97390
98850
100312
101779
103290
104835
106397
107979
109605
111265
112926
114625
116372
118138
119961
121810
123696
125636
127604
129585
131596
133622
135645
137769
139945
142180
144411
146680
148986
151290
153647
156034
158470
160966
163480
166025
168627
171304
174011
176750
179521
182365
185326
188320
191345
194416
197616
200870
204221
207560
211011
214570
218216
221915
225671
229470
233261
237106
241125
245256
249491
351346
358861
366711
374766
383116
391741
400722
