460966
395221
349332
330207
333390
339230
347206
355416
363811
372456
380865
389972
399285
408997
419476
430402
442300
454636
456156
456797
456865
373372
315295
310556
273261
212162
177929
162055
158160
160526
160626
149795
140205
132965
129411
129895
131950
133981
131105
122791
116049
112736
112930
114655
116428
116848
112666
108815
105776
104139
104815
106416
108085
109765
109645
104936
100750
98125
97975
99398
100893
102460
103921
102850
100010
97730
96176
96420
97810
99275
100776
102160
100535
96365
93157
91809
92651
94019
95420
96826
98120
97165
94600
92336
90545
90330
91540
92891
94295
95715
96922
94969
91385
88510
87106
87764
89056
90390
91761
93149
94501
93545
90675
88555
87086
86930
88065
89370
90715
92076
93470
94536
92064
88466
85980
84990
85800
87070
88321
89621
90959
92300
92506
89830
87455
85630
84801
85515
86770
88065
89390
90736
92070
92200
89355
86211
84145
83790
84830
86100
87386
88710
90055
91255
90076
87490
85525
84060
83835
84871
86130
87425
88740
90020
91336
91165
88025
85080
83196
83210
84345
85610
86860
88117
89394
90596
89514
86881
84800
83365
83240
84235
85467
86724
88015
89335
90475
89136
86145
83730
82561
83215
84455
85707
86938
88271
89545
89530
87085
85190
83486
82920
83790
85032
86313
87636
88960
90230
89080
85692
83199
81700
81920
83070
84281
85485
86730
88006
89229
88836
86177
84143
82835
82856
83990
85240
86515
87780
89096
90140
87880
84925
82780
81686
82335
83590
84831
86080
87350
88525
87550
84921
83165
81900
81765
82780
84025
85281
86555
87845
89010
87751
84900
82855
82181
83064
84297
85544
86785
88035
89341
90680
92041
93479
94896
96325
97735
99210
100671
102156
103694
105285
106916
108545
110240
111946
113671
115409
117175
118941
120735
122605
124506
126450
128442
130458
132481
134515
136621
138795
141047
143305
145644
148025
150453
152893
155415
157966
160580
163211
165920
168712
171534
174445
177371
180461
183691
187039
190392
193791
197244
200695
204312
208054
211921
215925
219891
223961
228145
232556
237130
241736
246505
251351
256426
261735
267243
272905
278719
284852
291045
297606
304350
295043
281406
284814
237341
184545
158705
147925
146336
148590
151006
153445
148810
137547
127816
120464
116540
116170
117795
119647
121519
122790
116556
108790
103740
101610
102140
103671
105260
106862
108435
107564
103445
99886
97045
95805
96450
97890
99396
100956
102424
100995
96586
92920
91080
91435
92781
94150
95525
96937
97764
94110
90190
87590
85910
85937
87095
88354
89695
91041
92320
91405
87506
84715
82965
83225
84455
85745
87046
88375
89455
87585
84795
83011
81845
81840
82925
84166
85445
86715
88000
88095
84876
82330
80740
80725
81835
83026
84255
85525
86805
87106
84575
82425
80910
80121
80740
81906
83134
84375
85635
86761
85090
82150
80515
79796
80620
81820
83020
84240
85465
86691
86422
83709
81729
80081
79370
79930
81082
82268
83496
84706
85809
84265
81255
79391
78541
79229
80382
81553
82746
83935
84670
82655
80255
78771
77810
78175
79235
80395
81571
82775
83981
83709
80750
78626
77275
77340
78410
79545
80711
81870
83040
82810
80316
78485
77320
76990
77790
78930
80086
81275
82470
83487
81773
78771
77010
76245
76896
77994
79146
80330
81535
82516
81130
78735
77211
76184
76245
77250
78366
79507
80669
81834
81981
79345
77210
76080
76281
77335
78466
79629
80792
81913
81626
79295
77640
76770
76770
77812
78954
80120
81290
82480
82226
79200
77125
76260
76695
77832
78964
80145
81325
82505
82251
79815
77935
76980
77215
78255
79411
80590
81800
82975
84141
85340
86575
87835
89120
90451
91790
93131
94506
95859
97280
98730
100230
101736
103260
104805
106360
107886
109480
111090
112751
114435
116165
117941
119710
121515
123370
125216
127090
129015
130981
133015
135040
137111
139220
141325
143511
145700
147940
150156
152435
154771
157150
159490
161856
164261
166760
169390
172036
174700
177386
180115
182900
185781
188755
191831
194936
198060
201170
204361
207636
211020
214465
217976
221566
225200
228881
232675
236616
240632
244704
248826
253040
257321
261741
266220
270736
275372
280244
285101
290141
295436
300897
306449
312111
317936
323906
330091
336435
342922
349575
356486
363476
370556
377981
385671
393716
401986
410521
419288
428319
437766
447586
457696
468177
479066
490531
502396
514842
527896
541496
555702
570626
586253
602700
619962
638181
657532
678162
700212
723691
748702
775749
804845
836387
870753
908292
949697
996318
1048477
1107524
1175597
1254950
1349512
1464829
1609759
1800439
2069766
2493986
3335023
99190411
855097
563098
563655
581897
548491
509077
476896
368976
292765
253201
233820
227551
230836
235125
239496
243941
246935
239806
227950
218101
217750
221686
214576
193145
180695
177856
180550
183581
183070
171596
157505
147935
146281
148470
150821
147475
133790
123441
118155
117320
119055
120931
121440
115455
110216
106121
104199
104611
106135
107705
109350
110431
107020
102210
98400
96820
97401
98860
100400
101906
102595
99125
95730
93116
91790
92215
93570
94990
96411
97871
97659
94086
91265
89430
89385
90635
92026
93415
94820
96065
94337
91054
88470
86530
86125
87171
88460
89760
91085
92366
91245
87815
85550
84270
84681
85905
87201
88449
89741
89440
86600
84415
83080
82657
83524
84760
86006
87290
88566
89559
87575
84745
82976
82545
83535
84800
86101
87390
88690
89535
87570
84957
82984
81845
82210
83385
84626
85880
87135
88405
87970
85001
82925
81910
82497
83705
84944
86230
87525
88366
86330
83835
82205
81285
81756
82930
84145
85390
86670
87801
86500
83591
81734
80880
81431
82605
83820
85070
86335
87201
85310
83050
81540
80546
80925
82070
83290
84516
85775
86915
85720
82995
81120
80281
81015
82235
83480
84750
86011
86545
84216
82079
80610
79801
80365
81555
82790
84066
85336
86494
84980
81941
80225
79265
79765
80965
82175
83453
84713
85535
83555
81331
80030
79386
79885
81054
82226
83450
84700
85655
83651
80985
79475
79145
80100
81275
82496
83740
84990
85525
83082
80884
79720
79255
79985
81186
82380
83630
84895
86015
84691
81880
80100
79280
79940
81131
82345
83580
84832
85683
83491
81100
79790
79010
79280
80346
81510
82740
83955
85080
84141
81281
79319
78370
78951
80095
81265
82472
83684
84760
83435
81065
79765
79331
80010
81185
82370
83602
84858
86126
87410
88720
90065
91406
92750
94090
95455
96832
98249
99725
101240
102755
104276
105815
107425
109072
110739
112461
114200
115946
117741
119584
121450
123371
125284
127246
129245
130631
125080
117640
111605
108310
108231
109810
111491
113210
112115
106130
102365
99761
98580
99210
100710
102256
103820
103220
99462
96034
94160
94745
96175
97636
99095
100361
97829
94251
92080
90500
90325
91481
92810
94205
95605
95835
91976
89120
87300
87155
88366
89645
90980
92310
92025
88846
86775
85747
85679
86760
88025
89315
90630
91811
90202
86798
84570
83647
84534
85755
87001
88249
89461
88365
85420
83525
82605
82821
83901
85129
86395
87650
87986
85100
82615
81291
81255
82350
83537
84753
86025
86771
84825
82790
81600
81000
81421
82565
83755
84980
86231
86595
84107
81728
80385
80427
81549
82735
83925
85137
85714
83530
81290
79900
79640
80576
81725
82925
84151
85094
82711
79215
77315
77055
78045
79176
80330
81540
82610
81036
78200
76405
75831
76454
77585
78751
79900
80997
79910
76418
74446
73812
74453
75550
76650
77756
78855
78051
75194
73542
72944
73491
74529
75630
76745
77842
78880
77899
74825
73170
72661
73410
74495
75600
76730
77895
78417
75739
73420
72125
71920
72551
73640
74760
75875
77010
78061
76600
73375
71835
71400
72240
73336
74425
75532
76633
77370
75236
72685
71415
71370
72237
73293
74371
75475
76575
77290
74816
72100
70810
70610
71500
72521
73570
74630
75690
76320
73885
71585
70256
70040
70805
71815
72825
73871
74941
75804
73865
70950
69675
69506
70326
71330
72374
73410
74471
75275
73135
70605
69400
69250
69981
70965
71980
73005
74056
75116
75384
72592
70318
69505
69756
70700
71730
72787
73858
74921
75695
73485
71125
69790
69355
69871
70905
71955
73030
74112
75189
75951
73519
70960
69690
69480
70345
71386
72420
73481
74529
75046
72835
70730
69670
69480
70250
71271
72320
73365
74430
75380
73640
70791
69525
69190
69950
70960
72016
73060
74110
75110
74380
71560
70041
69400
69670
70665
71660
72681
73721
74789
75445
73051
70559
69461
69221
70044
71030
72042
73094
74141
75049
73735
71565
70231
69755
70300
71315
72345
73400
74506
75510
74430
71725
70220
69480
70091
71105
72150
73195
74270
75146
73500
71096
69796
69313
69831
70860
71925
73001
74089
75180
75641
73335
71345
70697
71148
72187
73259
74345
75475
76605
77735
78911
80096
81289
82495
83750
85022
86299
87625
88990
90336
91745
93135
94560
95996
97496
99004
100505
102022
103579
105195
106767
108420
110074
111785
113475
115211
117015
118840
120756
122645
124595
126531
128520
130535
132581
134725
136925
139186
141470
143832
146194
148630
151095
153566
156105
158651
161330
164010
166721
169490
172296
175115
177946
180790
183661
186580
189581
192702
195878
199171
202582
206049
209606
213235
216936
220765
224648
228675
232754
236932
241254
245661
250175
254746
259401
264206
269140
274146
279201
284495
289911
295471
361761
369676
377966
386536
395491
595491
404872
414561
424670
424670
435361
446486
