638191
403391
290766
230256
198620
184366
181905
184351
184965
177936
166885
156445
149291
148295
150460
152236
147975
141756
139995
141960
144026
139805
130055
122081
118445
119270
121081
122255
115315
106545
100822
98509
99245
100723
101938
98465
93120
89085
86476
85460
86160
87405
88715
89621
86199
81886
79295
78350
79161
80310
81471
82389
80026
76745
74351
73044
72745
73616
74675
75760
76885
76971
73689
71376
70315
70420
71380
72385
73436
74445
73690
71080
69335
68325
68056
68815
69800
70800
71815
72681
71325
68855
67795
67445
68015
68976
69965
70980
71915
71076
68964
67631
66855
66925
67785
68765
69776
70790
71635
70432
68408
67585
67470
68106
69080
70065
71080
72020
71166
68995
67750
66945
66800
67590
68556
69530
70540
71405
70295
68015
67026
66735
67265
68215
69185
70175
71116
70545
68511
67324
66620
66691
67530
68505
69461
70469
71356
70185
67865
66955
66710
67310
68271
69245
70235
71215
70865
68650
67301
66615
66765
67635
68590
69560
70556
71455
70245
67776
66994
66936
67600
68581
69574
70570
71530
70990
68501
67195
66465
66485
67320
68262
69232
70222
71135
70260
67780
66836
66740
67400
68360
69315
70305
71256
70656
68459
67165
66615
66780
67631
68560
69515
70505
71290
69676
67550
66810
66815
67585
68540
69511
70523
71427
70390
68165
66995
66366
66535
67410
68380
69365
70365
71257
70024
67630
66880
66910
67656
68620
69570
70575
71565
71206
68695
67200
66515
66400
67140
68105
69051
70033
70972
70455
67890
66816
66725
67370
68325
69290
70285
71271
71195
68755
67160
66425
66153
66823
67780
68755
69740
70700
70305
67836
66580
66350
66750
67645
68610
69581
70570
70935
68890
67270
66486
66425
67155
68120
69070
70060
71016
70425
67940
66825
66716
67298
68247
69245
70230
71235
71120
68896
67440
66595
66626
67399
68335
69315
70311
71260
70605
68020
66930
66802
67289
68250
69230
70220
71205
71161
68850
67365
66775
66830
67603
68568
69551
70544
71410
70130
67891
67125
67160
67930
68875
69845
70831
71750
70750
68550
67475
66846
66950
67825
68785
69765
70775
71750
71681
70495
70170
70620
71570
72586
73635
74690
75750
76375
75446
74650
74460
74865
75890
76965
78041
79150
80127
79418
77740
77111
77545
78595
79715
80855
82036
82895
81196
79054
78080
77761
78435
79555
80695
81860
82866
81490
79050
78035
78170
79131
80285
81453
82623
83189
80786
78620
77531
77244
78041
79165
80305
81465
82465
81016
78675
77865
78045
79020
80176
81320
82515
83080
80490
78301
77180
76855
77597
78703
79851
81010
82030
80765
78310
77226
77210
78095
79235
80370
81546
82375
80160
77745
76585
76246
76860
77935
79045
80172
81239
80160
77415
76295
76325
77236
78360
79495
80665
81430
79261
76901
75754
75315
75935
77005
78086
79195
80265
79230
76471
75165
74970
75770
76865
77966
79070
79920
78355
75906
74509
74026
74565
75635
76710
77810
78926
78970
76505
74965
74480
74966
76015
77090
78180
79270
78906
76190
74665
73810
73915
74851
75940
77025
78120
78990
77430
75236
74435
74630
75561
76664
77781
78920
79865
78385
75810
74466
74050
74560
75615
76705
77821
78925
78645
76130
74765
74516
75200
76300
77406
78534
79595
78751
76210
74900
74130
74251
75225
76315
77385
78510
78995
76956
75070
74535
74935
75970
77041
78160
79260
79250
76880
75191
74275
74240
75145
76210
77311
78435
79110
77070
74885
74090
74281
75210
76305
77385
78490
78946
76590
74720
74020
73865
74591
75640
76705
77805
78785
77606
75110
74125
74110
74920
76001
77100
78195
79175
78020
75846
74915
74675
75365
76450
77550
78666
79800
80935
82090
83290
84506
85735
86985
88250
89536
90855
92185
93540
94941
96325
97755
99185
100671
102155
103720
105265
106846
108420
110025
111690
113376
115095
116830
118616
120390
122235
124116
126010
127925
129911
131890
133915
135976
138080
140165
142326
144470
146725
149026
151375
153771
156160
158580
161081
163650
166271
168865
171525
174231
176975
179791
182645
185571
