1085638
1099467
563827
393436
387216
334546
260210
216531
199405
197311
199330
183566
160005
142422
133144
131350
133265
135341
134575
126005
117891
113245
113000
114661
116390
117270
112390
106876
102595
99525
98131
98995
100465
101990
103445
101716
97100
94135
92239
92252
93540
94920
96335
97671
96300
92745
90335
88606
87855
88595
89870
91171
92530
93865
93335
89971
87650
86235
86120
87287
88565
89844
91170
91765
88821
86255
84550
83500
83615
84756
85996
87244
88515
89565
87846
85055
83440
82731
83405
84615
85855
87105
88380
88571
85630
83570
82165
81340
81701
82825
84010
85215
86446
87235
84850
82090
80795
80326
81180
82365
83565
84785
86016
86201
83374
81395
80210
79544
80002
81140
82325
83526
84760
85870
84835
82065
80631
79705
79860
80956
82134
83296
84510
85680
84866
82109
80526
79465
79035
79800
80955
82146
83375
84600
84805
82211
80300
79315
79195
80210
81381
82555
83735
84930
84546
81655
79935
78860
78370
79055
80196
81355
82560
83795
84505
82141
79720
78655
78420
79335
80476
81630
82795
84000
84325
81926
80070
79026
78586
79179
80295
81470
82660
83870
84721
82545
79975
78740
78115
78726
79870
81030
82200
83400
84266
82375
80015
78845
78115
78231
79270
80420
81575
82780
83916
83200
80370
78685
77935
78246
79325
80480
81655
82850
83971
83037
80153
78540
77575
77427
78374
79495
80640
81805
82996
83360
81025
79090
78086
78060
79100
80245
81400
82581
83715
83131
80180
78564
77521
77241
78004
79140
80285
81461
82660
83655
82010
79160
77766
76995
77546
78664
79791
80935
82090
83200
82235
79440
77941
76905
76610
77300
78395
79501
80640
81805
82370
80075
77831
76545
76315
77235
78340
79471
80630
81795
82440
80030
77926
76935
76335
76760
77830
78946
80086
81249
82410
81835
78921
77275
76400
76850
77955
79101
80235
81385
82535
82301
79125
77300
76270
75935
76795
77886
79005
80135
81290
82295
80581
77570
76235
76035
76930
78021
79140
80280
81434
82521
81431
78630
77115
76165
75870
76636
77710
78825
79975
81155
82126
80300
77255
75765
75390
76211
77320
78445
79585
80740
81886
81870
79060
77240
76000
75526
76225
77305
78405
79536
80665
81725
80475
77475
75800
75036
75591
76674
77775
78890
80021
81155
80780
77805
76175
75391
75530
76560
77675
78788
79933
81100
81590
78905
76575
75566
75485
76445
77585
78735
79890
81066
82015
80510
78165
76921
76265
76585
77650
78775
79915
81086
82225
81715
78610
76871
76165
76715
77840
78975
80126
81285
82455
82250
79505
77760
76776
76674
77661
78760
79890
81031
82205
83385
84600
85851
87130
88405
89705
91010
92351
93720
95105
96520
97936
99395
100850
102350
103866
105416
106974
108570
110196
111885
113600
115311
117050
118835
120646
122475
124310
126190
128091
130060
132045
134081
136185
138295
140432
142634
144856
147170
149485
151856
154250
156660
159101
161570
164081
166680
169346
172025
