0
868326
883306
899481
649859
538368
526052
512988
510313
231066
172880
152440
150391
152910
153897
134145
115333
104654
99389
98316
99688
101240
102794
101408
93764
87912
84028
82346
83068
84307
85601
86860
86075
81020
77500
75382
75299
76390
77510
78645
79766
79190
75880
73100
71365
71200
72150
73217
74305
75405
76419
75292
72172
70354
69568
70222
71241
72253
73286
74349
74560
72245
70095
68735
68686
69615
70615
71655
72702
73759
73805
71200
69061
67782
67858
68815
69816
70834
71880
72881
72865
70360
68410
67246
67141
68028
69011
70047
71078
72135
72675
70446
68155
66935
66838
67747
68743
69775
70793
71812
71966
69507
67641
66565
66405
67181
68161
69178
70192
70984
69055
66355
64876
64316
64994
65950
66922
67833
66805
64245
62635
61966
62135
63005
63915
64843
65662
64485
62296
61097
60908
61630
62511
63399
64271
64180
62377
60988
60450
60775
61636
62507
63406
64237
63390
61366
60250
60126
60814
61695
62556
63459
64360
65289
65978
65214
64080
63573
63957
64862
65781
66759
67739
68746
69255
67305
65447
64813
65135
66070
67036
68023
68990
69992
70035
68096
66520
65756
65984
66880
67861
68837
69840
70793
70135
67855
66585
66200
66853
67823
68810
69785
70775
71276
69560
67730
66645
66545
67336
68295
69303
70287
71305
71522
68941
67243
66375
66536
67481
68473
69481
70481
71534
71827
69785
68009
67050
67051
67904
68895
69905
70949
71993
72509
70630
68925
68335
68881
69885
70900
71942
72999
74050
75130
76199
77286
78405
79535
80676
81861
83074
84302
85553
86835
88127
89434
90755
92091
93452
94843
96240
97666
99115
100615
102132
103639
105200
106795
108441
110096
111769
113470
115221
116980
118750
120575
122447
124349
126275
128246
130283
132302
134427
136559
138765
140991
143271
145602
147975
150446
152948
155475
158045
160673
163328
166116
168922
171784
174701
177664
180656
183725
186891
190193
193583
197068
200623
204255
407976
411761
415642
419578
423614
427748
432013
436367
440853
445459
450201
455070
460071
465273
470618
476131
481822
487765
493850
500116
506666
513366
520388
527668
